step,K,T_I,T_D,target,error,P,I,D,ds,left speed,right speed
500,0.0085,9999999999,0.001,200,16.862857142857138,0.1433342857142857,1.2955126858438368e-09,0.0003035714285714275,0.19363785843836984
501,0.0085,9999999999,0.001,200,19.72,0.16762,1.2965854538439438e-09,0.00037946428571428636,0.2179994655822997
502,0.0085,9999999999,0.001,200,15.434285714285721,0.13119142857142865,1.297425078986885e-09,-0.0005691964285714275,0.18062223344028233
503,0.0085,9999999999,0.001,200,22.005714285714276,0.18704857142857137,1.2986221898441476e-09,0.000872767857142855,0.2379213405843364
504,0.0085,9999999999,0.001,200,32.00571428571428,0.27204857142857136,1.3003633007014645e-09,0.001328125,0.3233766977289347
505,0.0085,9999999999,0.001,200,24.862857142857138,0.2113342857142857,1.3017158401301711e-09,-0.0009486607142857138,0.26038562630171586
506,0.0085,9999999999,0.001,200,27.148571428571415,0.23076285714285705,1.3031927224160331e-09,0.0003035714285714275,0.2810664298746212
507,0.0085,9999999999,0.001,200,30.291428571428554,0.25747714285714274,1.3048405761304837e-09,0.00041741071428571375,0.307894554876269
508,0.0085,9999999999,0.001,200,32.00571428571428,0.27204857142857136,1.3065816869878006e-09,0.00022767857142857252,0.3222762513065816
509,0.0085,9999999999,0.001,200,32.57714285714286,0.2769057142857143,1.3083538835594064e-09,7.589285714285876e-05,0.32698160845121105
510,0.0085,9999999999,0.001,200,35.148571428571415,0.29876285714285705,1.3102659658453118e-09,0.000341517857142855,0.34910437631026586
511,0.0085,9999999999,0.001,200,40.00571428571428,0.34004857142857137,1.3124422767026725e-09,0.0006450892857142863,0.3906936620267279
512,0.0085,9999999999,0.001,200,42.57714285714286,0.36190571428571433,1.3147584732743328e-09,0.0003415178571428588,0.41224723345761566
513,0.0085,9999999999,0.001,200,38.86285714285714,0.3303342857142857,1.3168726127031157e-09,-0.0004933035714285726,0.3798409834597297
514,0.0085,9999999999,0.001,200,41.43428571428572,0.35219142857142866,1.319126637846198e-09,0.0003415178571428588,0.40253294774769816
515,0.0085,9999999999,0.001,200,40.86285714285714,0.3473342857142857,1.3213495772749918e-09,-7.589285714285876e-05,0.3972583941784924
516,0.0085,9999999999,0.001,200,43.72,0.37162,1.3237279452752299e-09,0.00037946428571428636,0.42199946560944224
517,0.0085,9999999999,0.001,200,44.291428571428554,0.37647714285714273,1.3261373989897566e-09,7.5892857142855e-05,0.426553037040423
518,0.0085,9999999999,0.001,200,44.148571428571415,0.37526285714285706,1.328539081275711e-09,-1.897321428571375e-05,0.4252438852571104
519,0.0085,9999999999,0.001,200,43.291428571428554,0.3679771428571427,1.3308941349902323e-09,-0.00011383928571428626,0.41786330490232254
520,0.0085,9999999999,0.001,200,45.148571428571415,0.3837628571428571,1.3333502172761922e-09,0.0002466517857142863,0.4340095102619216
521,0.0085,9999999999,0.001,200,42.291428571428554,0.3594771428571427,1.335650870990708e-09,-0.00037946428571428636,0.4090976799070793
522,0.0085,9999999999,0.001,200,40.00571428571428,0.34004857142857137,1.3378271818480685e-09,-0.0003035714285714275,0.38974500133782713
523,0.0085,9999999999,0.001,200,43.43428571428572,0.36919142857142867,1.3401900069911621e-09,0.00045535714285714504,0.41964678705447583
524,0.0085,9999999999,0.001,200,39.148571428571415,0.332762857142857,1.3423196892770893e-09,-0.0005691964285714313,0.38219366205660527
525,0.0085,9999999999,0.001,200,44.291428571428554,0.37647714285714273,1.3447291429916162e-09,0.0006830357142857138,0.4271601799161576
526,0.0085,9999999999,0.001,200,54.86285714285714,0.4663342857142857,1.347713682420486e-09,0.0014040178571428589,0.5177383049191422
527,0.0085,9999999999,0.001,200,40.72,0.34612000000000004,1.3499288504207075e-09,-0.0018783482142857141,0.39424165313564313
528,0.0085,9999999999,0.001,200,46.57714285714286,0.39590571428571436,1.3524626469923894e-09,0.0007779017857142863,0.4466836174238913
529,0.0085,9999999999,0.001,200,47.00571428571428,0.39954857142857136,1.355019757849788e-09,5.6919642857141247e-05,0.44960549242644826
530,0.0085,9999999999,0.001,200,52.57714285714286,0.44690571428571435,1.3578799544215025e-09,0.0007399553571428588,0.4976456710007372
531,0.0085,9999999999,0.001,200,50.57714285714286,0.42990571428571434,1.3606313509932062e-09,-0.000265625,0.47964009064634566
532,0.0085,9999999999,0.001,200,53.148571428571415,0.4517628571428571,1.3635226332792097e-09,0.000341517857142855,0.5021043763635226
533,0.0085,9999999999,0.001,200,55.72,0.47362000000000004,1.366553801279513e-09,0.0003415178571428588,0.5239615192236967
534,0.0085,9999999999,0.001,200,54.57714285714286,0.46390571428571437,1.3695227978512382e-09,-0.00015178571428571376,0.5137539299409515
535,0.0085,9999999999,0.001,200,61.148571428571415,0.5197628571428571,1.3728492801372853e-09,0.000872767857142855,0.5706356263728493
536,0.0085,9999999999,0.001,200,59.86285714285714,0.5088342857142857,1.3761058195661823e-09,-0.0001707589285714275,0.5586635281618201
537,0.0085,9999999999,0.001,200,61.71999999999997,0.5246199999999998,1.379463387566518e-09,0.0002466517857142825,0.5748666531651775
538,0.0085,9999999999,0.001,200,62.57714285714286,0.5319057142857143,1.3828675841382872e-09,0.00011383928571429004,0.5820195549542962
539,0.0085,9999999999,0.001,200,54.72,0.46512000000000003,1.3858443521385847e-09,-0.0010435267857142863,0.5140764746001301
540,0.0085,9999999999,0.001,200,62.29142857142858,0.529477142857143,1.3892330058532093e-09,0.0010055803571428587,0.5804827246035188
541,0.0085,9999999999,0.001,200,58.71999999999997,0.4991199999999998,1.392427373853529e-09,-0.00047433035714286256,0.5486456710352844
542,0.0085,9999999999,0.001,200,60.57714285714286,0.5149057142857143,1.395722770425287e-09,0.00024665178571429004,0.5651523674671514
543,0.0085,9999999999,0.001,200,54.57714285714286,0.46390571428571437,1.3986917669970123e-09,-0.0007968750000000001,0.5131088406844062
544,0.0085,9999999999,0.001,200,54.57714285714286,0.46390571428571437,1.4016607635687378e-09,0.0,0.5139057156873752
545,0.0085,9999999999,0.001,200,58.29142857142858,0.495477142857143,1.4048318172833406e-09,0.0004933035714285726,0.5459704478334034
546,0.0085,9999999999,0.001,200,52.57714285714286,0.44690571428571435,1.4076920138550552e-09,-0.0007589285714285727,0.4961467871219778
547,0.0085,9999999999,0.001,200,47.148571428571415,0.40076285714285703,1.410256896141026e-09,-0.0007209821428571451,0.4500418764102568
548,0.0085,9999999999,0.001,200,43.148571428571415,0.36676285714285706,1.4126041784269747e-09,-0.00053125,0.41623160855546126
549,0.0085,9999999999,0.001,200,44.57714285714286,0.37890571428571435,1.4150291749986459e-09,0.00018973214285714502,0.42909544784360065
550,0.0085,9999999999,0.001,200,35.72,0.30362,1.4169723429988403e-09,-0.0011763392857142864,0.352443662131258
551,0.0085,9999999999,0.001,200,36.291428571428554,0.3084771428571427,1.4189465967133233e-09,7.5892857142855e-05,0.35855303713323217
552,0.0085,9999999999,0.001,200,34.00571428571428,0.2890485714285714,1.4207965075706515e-09,-0.0003035714285714275,0.33874500142079644
553,0.0085,9999999999,0.001,200,35.72,0.30362,1.4227396755708457e-09,0.00022767857142857252,0.3538476799941682
554,0.0085,9999999999,0.001,200,29.43428571428572,0.2501914285714287,1.424340900713863e-09,-0.0008348214285714275,0.2993566085671982
555,0.0085,9999999999,0.001,200,26.531428571428563,0.2255171428571428,1.425784210428293e-09,-0.00038553571428571635,0.27513160856864133
556,0.0085,9999999999,0.001,200,24.81714285714287,0.2109457142857144,1.4271342629998565e-09,-0.00022767857142856875,0.2607180371414201
557,0.0085,9999999999,0.001,200,27.102857142857147,0.23037428571428575,1.4286086584285753e-09,0.0003035714285714275,0.2806778585714658
558,0.0085,9999999999,0.001,200,19.102857142857147,0.16237428571428575,1.4296478538572508e-09,-0.0010625,0.21131178714393362
559,0.0085,9999999999,0.001,200,14.531428571428563,0.1235171428571428,1.4304383635716156e-09,-0.0006071428571428588,0.1729100014304383
560,0.0085,9999999999,0.001,200,4.817142857142869,0.04094571428571439,1.4307004161430703e-09,-0.0012901785714285689,0.08965553714498625
561,0.0085,9999999999,0.001,200,7.960000000000008,0.06766000000000007,1.4311334401431136e-09,0.00041741071428571375,0.11807741214541921
562,0.0085,9999999999,0.001,200,4.531428571428563,0.03851714285714279,1.431379949857424e-09,-0.00045535714285714504,0.0880617871456656
563,0.0085,9999999999,0.001,200,-1.4685714285714369,-0.012482857142857214,1.4313000595717017e-09,-0.0007968750000000001,0.036720269288442846
564,0.0085,9999999999,0.001,200,-2.3257142857142696,-0.01976857142857129,1.4311735407145463e-09,-0.00011383928571428249,0.03011759071688797
565,0.0085,9999999999,0.001,200,-7.7542857142857144,-0.06591142857142858,1.430751707571647e-09,-0.0007209821428571451,-0.016632409283534016
566,0.0085,9999999999,0.001,200,-12.32571428571427,-0.1047685714285713,1.4300811887144369e-09,-0.000607142857142855,-0.05537571285563296
567,0.0085,9999999999,0.001,200,-16.32571428571427,-0.1387685714285713,1.4291930698572052e-09,-0.00053125,-0.08929981999937824
568,0.0085,9999999999,0.001,200,-16.32571428571427,-0.1387685714285713,1.4283049509999735e-09,0.0,-0.08876857000026635
569,0.0085,9999999999,0.001,200,-18.18285714285713,-0.15455428571428562,1.4273158035713034e-09,-0.0002466517857142863,-0.1048009360726841
570,0.0085,9999999999,0.001,200,-22.32571428571427,-0.18976857142857131,1.426101284714039e-09,-0.0005502232142857138,-0.14031879321675572
571,0.0085,9999999999,0.001,200,-28.611428571428576,-0.24319714285714292,1.4245448229995977e-09,-0.0008348214285714313,-0.19403196286116953
572,0.0085,9999999999,0.001,200,-42.32571428571427,-0.3597685714285713,1.4222423041422245e-09,-0.001821428571428569,-0.3115899985777576
573,0.0085,9999999999,0.001,200,-36.611428571428576,-0.3111971428571429,1.4202506424277396e-09,0.0007589285714285688,-0.2604382128654637
574,0.0085,9999999999,0.001,200,-39.754285714285714,-0.3379114285714286,1.4180880092846664e-09,-0.00041741071428571375,-0.28832883786762625
575,0.0085,9999999999,0.001,200,-46.18285714285713,-0.39255428571428563,1.415575661855844e-09,-0.0008537946428571413,-0.3434080789415671
576,0.0085,9999999999,0.001,200,-53.754285714285714,-0.4569114285714286,1.412651428712694e-09,-0.0010055803571428587,-0.40791700751592
577,0.0085,9999999999,0.001,200,-47.46857142857144,-0.40348285714285725,1.4100691384267217e-09,0.0008348214285714275,-0.3526480343042167
578,0.0085,9999999999,0.001,200,-49.18285714285713,-0.41805428571428566,1.4073935909978827e-09,-0.00022767857142856875,-0.36828196287832066
579,0.0085,9999999999,0.001,200,-50.18285714285713,-0.42655428571428566,1.4046636435690381e-09,-0.0001328125,-0.37668709680962204
580,0.0085,9999999999,0.001,200,-40.754285714285714,-0.3464114285714286,1.4024466104259596e-09,0.0012522321428571413,-0.29515919502612487
581,0.0085,9999999999,0.001,200,-52.89714285714285,-0.4496257142857143,1.3995690058542428e-09,-0.001612723214285714,-0.40123843610043103
582,0.0085,9999999999,0.001,200,-54.03999999999999,-0.45933999999999997,1.3966292298539491e-09,-0.00015178571428571376,-0.4094917843176564
583,0.0085,9999999999,0.001,200,-54.03999999999999,-0.45933999999999997,1.393689453853655e-09,0.0,-0.40933999860631054
584,0.0085,9999999999,0.001,200,-52.89714285714285,-0.4496257142857143,1.3908118492819386e-09,0.00015178571428571376,-0.39947392718061675
585,0.0085,9999999999,0.001,200,-54.32571428571427,-0.4617685714285713,1.3878565304245003e-09,-0.00018973214285714126,-0.41195830218357193
586,0.0085,9999999999,0.001,200,-54.611428571428576,-0.4641971428571429,1.3848856687099172e-09,-3.794642857143127e-05,-0.4142350879008287
587,0.0085,9999999999,0.001,200,-56.89714285714285,-0.48362571428571427,1.381790464138179e-09,-0.0003035714285714275,-0.4339292843324952
588,0.0085,9999999999,0.001,200,-56.89714285714285,-0.48362571428571427,1.3786952595664411e-09,0.0,-0.433625712907019
589,0.0085,9999999999,0.001,200,-56.32571428571427,-0.4787685714285713,1.375631140708992e-09,7.589285714285876e-05,-0.4286926771957973
590,0.0085,9999999999,0.001,200,-60.03999999999999,-0.51034,1.3723649647086652e-09,-0.0004933035714285726,-0.46083330219906365
591,0.0085,9999999999,0.001,200,-64.03999999999999,-0.5443399999999999,1.368881188708317e-09,-0.00053125,-0.4948712486311187
592,0.0085,9999999999,0.001,200,-59.18285714285713,-0.5030542857142857,1.3656616412794235e-09,0.0006450892857142863,-0.4524091950629097
593,0.0085,9999999999,0.001,200,-60.03999999999999,-0.51034,1.362395465279097e-09,-0.00011383928571428626,-0.4604538379233189
594,0.0085,9999999999,0.001,200,-57.754285714285714,-0.4909114285714286,1.3592536321359258e-09,0.0003035714285714275,-0.44060785578360356
595,0.0085,9999999999,0.001,200,-65.46857142857144,-0.5564828571428573,1.3556921418498554e-09,-0.0010245535714285727,-0.5075074093585937
596,0.0085,9999999999,0.001,200,-59.18285714285713,-0.5030542857142857,1.3524725944209619e-09,0.0008348214285714313,-0.4522194629332417
597,0.0085,9999999999,0.001,200,-59.611428571428576,-0.506697142857143,1.3492297327063519e-09,-5.691964285714502e-05,-0.4567540611507704
598,0.0085,9999999999,0.001,200,-59.46857142857144,-0.5054828571428572,1.3459946424203141e-09,1.897321428571375e-05,-0.4554638825825769
599,0.0085,9999999999,0.001,200,-60.611428571428576,-0.5151971428571429,1.3426973807056986e-09,-0.00015178571428571376,-0.4653489272287313
600,0.0085,9999999999,0.001,200,-61.754285714285714,-0.5249114285714286,1.3393379475625055e-09,-0.00015178571428571376,-0.4750632129463764
601,0.0085,9999999999,0.001,200,-60.611428571428576,-0.5151971428571429,1.3360406858478902e-09,0.00015178571428571376,-0.46504535580681644
602,0.0085,9999999999,0.001,200,-60.03999999999999,-0.51034,1.3327745098475636e-09,7.589285714285876e-05,-0.46026410581008265
603,0.0085,9999999999,0.001,200,-60.03999999999999,-0.51034,1.3295083338472368e-09,0.0,-0.46033999867049175
604,0.0085,9999999999,0.001,200,-61.18285714285713,-0.5200542857142857,1.3261799864183328e-09,-0.00015178571428571376,-0.4702060701023915
605,0.0085,9999999999,0.001,200,-57.46857142857144,-0.4884828571428573,1.3230536961323055e-09,0.0004933035714285688,-0.437989552248375
606,0.0085,9999999999,0.001,200,-61.46857142857144,-0.5224828571428572,1.319709805846257e-09,-0.00053125,-0.47301410582314746
607,0.0085,9999999999,0.001,200,-59.89714285714285,-0.5091257142857143,1.3164514012745027e-09,0.00020870535714285877,-0.45891700761212
608,0.0085,9999999999,0.001,200,-59.754285714285714,-0.5079114285714286,1.3132007681313207e-09,1.897321428571375e-05,-0.45789245404394213
609,0.0085,9999999999,0.001,200,-65.75428571428571,-0.5589114285714286,1.3096237349881058e-09,-0.0007968750000000001,-0.5097083022618049
610,0.0085,9999999999,0.001,200,-58.611428571428576,-0.49819714285714295,1.3064352732735012e-09,0.0009486607142857138,-0.44724848083642194
611,0.0085,9999999999,0.001,200,-59.46857142857144,-0.5054828571428572,1.3032001829874635e-09,-0.00011383928571428626,-0.4555966951253713
612,0.0085,9999999999,0.001,200,-57.754285714285714,-0.4909114285714286,1.3000583498442924e-09,0.00022767857142857252,-0.4406837486999417
613,0.0085,9999999999,0.001,200,-57.18285714285713,-0.48605428571428566,1.2969476024154098e-09,7.589285714285876e-05,-0.4359783915601952
614,0.0085,9999999999,0.001,200,-57.18285714285713,-0.48605428571428566,1.2938368549865274e-09,0.0,-0.4360542844204488
615,0.0085,9999999999,0.001,200,-58.03999999999999,-0.49333999999999995,1.2906794789862119e-09,-0.00011383928571428626,-0.4434538379950348
616,0.0085,9999999999,0.001,200,-60.56571428571428,-0.5148085714285714,1.2873847041287393e-09,-0.0003354464285714287,-0.46514401656975807
617,0.0085,9999999999,0.001,200,-52.28,-0.44438000000000005,1.284540672128455e-09,0.0011004464285714276,-0.39327955228688793
618,0.0085,9999999999,0.001,200,-53.708571428571446,-0.45652285714285734,1.2816189258424485e-09,-0.00018973214285714502,-0.4067125880040956
619,0.0085,9999999999,0.001,200,-55.754285714285714,-0.4739114285714286,1.278585892699288e-09,-0.0002716964285714263,-0.42418312372141415
620,0.0085,9999999999,0.001,200,-50.03999999999999,-0.42533999999999994,1.2758637166990158e-09,0.0007589285714285727,-0.3745810701527077
621,0.0085,9999999999,0.001,200,-54.56571428571428,-0.4638085714285714,1.2728953418415761e-09,-0.0006010714285714288,-0.4144096415842475
622,0.0085,9999999999,0.001,200,-51.42285714285714,-0.4370942857142857,1.2700979384127249e-09,0.00041741071428571375,-0.3866768737299021
623,0.0085,9999999999,0.001,200,-49.708571428571446,-0.4225228571428573,1.2673937921267401e-09,0.00022767857142856875,-0.37229517730403494
624,0.0085,9999999999,0.001,200,-40.851428571428585,-0.347237142857143,1.2651714744122323e-09,0.0011763392857142864,-0.29606080230625725
625,0.0085,9999999999,0.001,200,-46.56571428571428,-0.3958085714285714,1.2626382995548362e-09,-0.0007589285714285688,-0.34656749873736165
626,0.0085,9999999999,0.001,200,-46.851428571428585,-0.398237142857143,1.2600895818402956e-09,-3.794642857143127e-05,-0.34827508802562485
627,0.0085,9999999999,0.001,200,-45.13714285714286,-0.38366571428571433,1.2576341212686216e-09,0.00022767857142857252,-0.33343803445665166
628,0.0085,9999999999,0.001,200,-57.13714285714286,-0.48566571428571437,1.2545258606968819e-09,-0.0015937500000000001,-0.4372594630311885
629,0.0085,9999999999,0.001,200,-45.13714285714286,-0.38366571428571433,1.2520704001252078e-09,0.0015937500000000001,-0.33207196303364395
630,0.0085,9999999999,0.001,200,-45.42285714285714,-0.3860942857142857,1.2495993966963892e-09,-3.79464285714275e-05,-0.3361322308932577
631,0.0085,9999999999,0.001,200,-38.56571428571428,-0.3278085714285714,1.2475014218390367e-09,0.0009107142857142863,-0.2768978558953557
632,0.0085,9999999999,0.001,200,-37.99428571428572,-0.32295142857142867,1.245434532695973e-09,7.5892857142855e-05,-0.27287553446885127
633,0.0085,9999999999,0.001,200,-39.708571428571446,-0.3375228571428573,1.2432743864100425e-09,-0.00022767857142857252,-0.2877505344710115
634,0.0085,9999999999,0.001,200,-36.851428571428585,-0.313237142857143,1.2412696686955562e-09,0.00037946428571428636,-0.2628576773301591
635,0.0085,9999999999,0.001,200,-35.28,-0.29988000000000004,1.2393504366953642e-09,0.00020870535714285877,-0.24967129340350674
636,0.0085,9999999999,0.001,200,-34.56571428571428,-0.29380857142857136,1.2374700618380333e-09,9.486607142857251e-05,-0.24371370411967275
637,0.0085,9999999999,0.001,200,-33.708571428571446,-0.2865228571428573,1.2356363155521357e-09,0.00011383928571428249,-0.2364090166215067
638,0.0085,9999999999,0.001,200,-29.994285714285724,-0.25495142857142866,1.2340046264091153e-09,0.0004933035714285726,-0.20445812376599548
639,0.0085,9999999999,0.001,200,-28.851428571428585,-0.245237142857143,1.2324351086946727e-09,0.00015178571428571376,-0.1950853559104222
640,0.0085,9999999999,0.001,200,-29.708571428571446,-0.2525228571428573,1.230818962408797e-09,-0.00011383928571428626,-0.20263669519775268
641,0.0085,9999999999,0.001,200,-28.851428571428585,-0.245237142857143,1.2292494446943543e-09,0.00011383928571428626,-0.19512330234217923
642,0.0085,9999999999,0.001,200,-21.994285714285724,-0.18695142857142866,1.2280529555513774e-09,0.0009107142857142863,-0.1360407130576614
643,0.0085,9999999999,0.001,200,-25.42285714285714,-0.2160942857142857,1.2266699521226675e-09,-0.00045535714285714136,-0.16654964163047287
644,0.0085,9999999999,0.001,200,-24.42285714285714,-0.2075942857142857,1.2253413486939633e-09,0.0001328125,-0.15746147198894433
645,0.0085,9999999999,0.001,200,-21.42285714285714,-0.1820942857142857,1.2241759452652756e-09,0.00039843750000000003,-0.13169584699010978
646,0.0085,9999999999,0.001,200,-14.851428571428585,-0.126237142857143,1.223368027550909e-09,0.000872767857142855,-0.07536437377663212
647,0.0085,9999999999,0.001,200,-23.708571428571446,-0.2015228571428573,1.2220782812650658e-09,-0.0011763392857142864,-0.15269919520649333
648,0.0085,9999999999,0.001,200,-18.851428571428585,-0.160237142857143,1.2210527635506777e-09,0.0006450892857142863,-0.10959205235037596
649,0.0085,9999999999,0.001,200,-17.42285714285714,-0.1480942857142857,1.2201049601220113e-09,0.00018973214285714502,-0.0979045523513236
650,0.0085,9999999999,0.001,200,-7.851428571428585,-0.06673714285714298,1.219677842407683e-09,0.001271205357142855,-0.015465936280322279
651,0.0085,9999999999,0.001,200,-9.137142857142862,-0.07766571428571434,1.2191807818362048e-09,-0.0001707589285714275,-0.027836471995104972
652,0.0085,9999999999,0.001,200,-11.708571428571446,-0.0995228571428573,1.2185438355504267e-09,-0.0003415178571428588,-0.04986437378145632
653,0.0085,9999999999,0.001,200,-16.137142857142862,-0.13716571428571434,1.2176659749789104e-09,-0.0005881696428571413,-0.08775388271090549
654,0.0085,9999999999,0.001,200,-8.280000000000001,-0.07038000000000001,1.2172155429788654e-09,0.0010435267857142863,-0.019336471997070184
655,0.0085,9999999999,0.001,200,-9.42285714285714,-0.0800942857142857,1.2167029395502427e-09,-0.00015178571428571376,-0.03024607021186848
656,0.0085,9999999999,0.001,200,-7.42285714285714,-0.0630942857142857,1.2162991361216309e-09,0.000265625,-0.012828659497986561
657,0.0085,9999999999,0.001,200,-5.42285714285714,-0.04609428571428569,1.21600413269303e-09,0.000265625,0.00417134050171844
658,0.0085,9999999999,0.001,200,-3.42285714285714,-0.02909428571428569,1.21581792926444e-09,0.000265625,0.02117134050153224
659,0.0085,9999999999,0.001,200,-1.42285714285714,-0.012094285714285691,1.2157405258358608e-09,0.000265625,0.038171340501454834
660,0.0085,9999999999,0.001,200,-0.13714285714286234,-0.00116571428571433,1.2157330652644314e-09,0.0001707589285714275,0.04900504585859017
661,0.0085,9999999999,0.001,200,-2.280000000000001,-0.019380000000000012,1.215609033264419e-09,-0.00028459821428571374,0.03033540300132331
662,0.0085,9999999999,0.001,200,2.0057142857142765,0.01704857142857135,1.2157181441215728e-09,0.0005691964285714275,0.06761776907286092
663,0.0085,9999999999,0.001,200,3.1485714285714153,0.026762857142857033,1.2158894264073043e-09,0.00015178571428571376,0.07691464407303218
664,0.0085,9999999999,0.001,200,2.8628571428571377,0.024334285714285673,1.2160451658358915e-09,-3.79464285714275e-05,0.07429634050175941
665,0.0085,9999999999,0.001,200,1.1485714285714153,0.00976285714285703,1.216107648121612e-09,-0.00022767857142857252,0.059535179787536106
666,0.0085,9999999999,0.001,200,6.862857142857138,0.05833428571428567,1.2164809875502206e-09,0.0007589285714285727,0.10909321550219522
667,0.0085,9999999999,0.001,200,12.291428571428554,0.10447714285714271,1.2171496412645736e-09,0.0007209821428571413,0.1551981262171495
668,0.0085,9999999999,0.001,200,12.57714285714286,0.10690571428571431,1.2178338378360704e-09,3.794642857143127e-05,0.15694366193211956
669,0.0085,9999999999,0.001,200,17.005714285714276,0.14454857142857136,1.2187589486933058e-09,0.0005881696428571413,0.19513674229018746
670,0.0085,9999999999,0.001,200,14.862857142857138,0.12633428571428568,1.219567488121958e-09,-0.00028459821428571374,0.17604968871956744
671,0.0085,9999999999,0.001,200,14.719999999999999,0.12512,1.2203682561220382e-09,-1.897321428571375e-05,0.17510102800608257
672,0.0085,9999999999,0.001,200,18.862857142857138,0.16033428571428568,1.2213943955507121e-09,0.0005502232142857138,0.2108845101499658
673,0.0085,9999999999,0.001,200,15.719999999999999,0.13362,1.2222495635507978e-09,-0.00041741071428571375,0.18320259050796384
674,0.0085,9999999999,0.001,200,22.57714285714286,0.19190571428571432,1.223477760122349e-09,0.0009107142857142863,0.24281642979490636
675,0.0085,9999999999,0.001,200,21.72,0.18462,1.2246593281224672e-09,-0.00011383928571428626,0.23450616193894502
676,0.0085,9999999999,0.001,200,22.291428571428554,0.18947714285714273,1.2258719818368742e-09,7.5892857142855e-05,0.23955303694015756
677,0.0085,9999999999,0.001,200,20.005714285714276,0.17004857142857135,1.2269602926941257e-09,-0.0003035714285714275,0.21974500122696022
678,0.0085,9999999999,0.001,200,29.148571428571415,0.24776285714285703,1.2285459749799986e-09,0.0012142857142857138,0.29897714408568876
679,0.0085,9999999999,0.001,200,28.43428571428572,0.24169142857142864,1.2300928001230103e-09,-9.486607142856874e-05,0.2915965637300929
680,0.0085,9999999999,0.001,200,31.148571428571415,0.264762857142857,1.2317872824088941e-09,0.00036049107142856874,0.31512334944607284
681,0.0085,9999999999,0.001,200,30.57714285714286,0.25990571428571435,1.2334506789804892e-09,-7.5892857142855e-05,0.30982982266202214
682,0.0085,9999999999,0.001,200,31.72,0.26962,1.2351762469806616e-09,0.00015178571428571376,0.31977178694946196
683,0.0085,9999999999,0.001,200,32.00571428571428,0.27204857142857136,1.2369173578379785e-09,3.79464285714275e-05,0.3220865190940601
684,0.0085,9999999999,0.001,200,36.72,0.31212,1.2389149258381783e-09,0.0006261160714285727,0.3627461173103435
685,0.0085,9999999999,0.001,200,34.43428571428572,0.29269142857142866,1.2407881509812228e-09,-0.0003035714285714275,0.3423878583836454
686,0.0085,9999999999,0.001,200,34.00571428571428,0.2890485714285714,1.2426380618385506e-09,-5.691964285714502e-05,0.33899165302835227
687,0.0085,9999999999,0.001,200,38.72,0.32912,1.2447444298387613e-09,0.0006261160714285727,0.379746117316173
688,0.0085,9999999999,0.001,200,40.291428571428554,0.34247714285714276,1.2469362835532662e-09,0.000208705357142855,0.39268584946122187
689,0.0085,9999999999,0.001,200,39.148571428571415,0.332762857142857,1.2490659658391938e-09,-0.00015178571428571376,0.3826110726776373
690,0.0085,9999999999,0.001,200,38.291428571428554,0.32547714285714274,1.2511490195536878e-09,-0.00011383928571428626,0.37536330482257746
691,0.0085,9999999999,0.001,200,41.72,0.35462,1.2534185875539148e-09,0.00045535714285714504,0.40507535839627573
692,0.0085,9999999999,0.001,200,38.00571428571428,0.32304857142857135,1.2554860984112642e-09,-0.0004933035714285726,0.3725552691126289
693,0.0085,9999999999,0.001,200,40.57714285714286,0.3449057142857143,1.2576934949829137e-09,0.0003415178571428588,0.3952472334005507
694,0.0085,9999999999,0.001,200,39.148571428571415,0.332762857142857,1.259823177268841e-09,-0.00018973214285714502,0.38257312625982304
695,0.0085,9999999999,0.001,200,37.72,0.32062,1.2618751452690463e-09,-0.00018973214285714126,0.370430269119018
696,0.0085,9999999999,0.001,200,32.86285714285714,0.2793342857142857,1.2636628846977963e-09,-0.0006450892857142863,0.3286891976922343
697,0.0085,9999999999,0.001,200,35.86285714285714,0.30483428571428567,1.265613824126563e-09,0.00039843750000000003,0.3552327244798995
698,0.0085,9999999999,0.001,200,29.43428571428572,0.2501914285714287,1.26721504926958e-09,-0.0008537946428571413,0.2993376351957866
699,0.0085,9999999999,0.001,200,34.291428571428554,0.2914771428571427,1.2690805029840523e-09,0.0006450892857142827,0.3421222334119375
700,0.0085,9999999999,0.001,200,35.72,0.30362,1.2710236709842465e-09,0.00018973214285714502,0.35380973341388083
701,0.0085,9999999999,0.001,200,30.862857142857138,0.2623342857142857,1.272702610412986e-09,-0.0006450892857142863,0.311689197701274
702,0.0085,9999999999,0.001,200,28.43428571428572,0.24169142857142864,1.2742494355559978e-09,-0.00032254464285714135,0.29136888520282095
703,0.0085,9999999999,0.001,200,25.43428571428572,0.21619142857142865,1.2756330606989935e-09,-0.00039843750000000003,0.2657929923470617
704,0.0085,9999999999,0.001,200,28.005714285714276,0.23804857142857136,1.2771565715562886e-09,0.000341517857142855,0.2883900905628708
705,0.0085,9999999999,0.001,200,28.291428571428554,0.24047714285714272,1.2786956252707283e-09,3.79464285714275e-05,0.2905150905644098
706,0.0085,9999999999,0.001,200,31.43428571428572,0.26719142857142864,1.2804056504137566e-09,0.00041741071428571755,0.31760884056612
707,0.0085,9999999999,0.001,200,21.43428571428572,0.18219142857142864,1.28157167555673e-09,-0.001328125,0.23086330485300033
708,0.0085,9999999999,0.001,200,25.862857142857138,0.21983428571428568,1.2829786149854424e-09,0.0005881696428571413,0.27042245664012143
709,0.0085,9999999999,0.001,200,21.43428571428572,0.18219142857142864,1.284144640128416e-09,-0.0005881696428571413,0.23160326021271616
710,0.0085,9999999999,0.001,200,27.148571428571415,0.23076285714285705,1.285621522414278e-09,0.0007589285714285688,0.28152178699990715
711,0.0085,9999999999,0.001,200,24.862857142857138,0.2113342857142857,1.2869740618429847e-09,-0.0003035714285714275,0.2610307155726883
712,0.0085,9999999999,0.001,200,25.72,0.21862,1.2883732298431247e-09,0.00011383928571428626,0.26873384057408756
713,0.0085,9999999999,0.001,200,27.148571428571415,0.23076285714285705,1.2898501121289866e-09,0.00018973214285714126,0.2809525905755643
714,0.0085,9999999999,0.001,200,22.862857142857138,0.19433428571428568,1.2910938515576825e-09,-0.0005691964285714275,0.24376509057680812
715,0.0085,9999999999,0.001,200,21.43428571428572,0.18219142857142864,1.292259876700656e-09,-0.00018973214285714126,0.2320016977208314
716,0.0085,9999999999,0.001,200,22.862857142857138,0.19433428571428568,1.2935036161293522e-09,0.00018973214285714126,0.24452401915064642
717,0.0085,9999999999,0.001,200,21.148571428571415,0.17976285714285703,1.2946540984151814e-09,-0.00022767857142857252,0.22953517986608257
718,0.0085,9999999999,0.001,200,30.291428571428554,0.25747714285714274,1.296301952129632e-09,0.0012142857142857138,0.3086914298677304
719,0.0085,9999999999,0.001,200,21.43428571428572,0.18219142857142864,1.2974679772726056e-09,-0.0011763392857142825,0.23101509058318231
720,0.0085,9999999999,0.001,200,21.148571428571415,0.17976285714285703,1.2986184595584348e-09,-3.794642857143127e-05,0.22972491201290407
721,0.0085,9999999999,0.001,200,16.005714285714276,0.13604857142857135,1.299489170415665e-09,-0.0006830357142857138,0.18536553701377484
722,0.0085,9999999999,0.001,200,17.72,0.15062,1.3004531384157613e-09,0.00022767857142857252,0.20084767987188173
723,0.0085,9999999999,0.001,200,16.291428571428554,0.13847714285714272,1.3013393921301358e-09,-0.00018973214285714502,0.188287412015625
724,0.0085,9999999999,0.001,200,18.57714285714286,0.15790571428571432,1.3023499887016655e-09,0.00030357142857143137,0.2082092870166357
725,0.0085,9999999999,0.001,200,15.719999999999999,0.13362,1.303205156701751e-09,-0.00037946428571428636,0.18324053701749088
726,0.0085,9999999999,0.001,200,12.81714285714287,0.1089457142857144,1.3039024092732492e-09,-0.00038553571428571256,0.1585601798753311
727,0.0085,9999999999,0.001,200,14.862857142857138,0.12633428571428568,1.3047109487019016e-09,0.0002716964285714263,0.17660598344756806
728,0.0085,9999999999,0.001,200,8.57714285714286,0.07290571428571431,1.3051775452733767e-09,-0.0008348214285714275,0.12207089416232043
729,0.0085,9999999999,0.001,200,13.148571428571415,0.11176285714285704,1.3058928275591626e-09,0.000607142857142855,0.16237000130589274
730,0.0085,9999999999,0.001,200,9.148571428571415,0.07776285714285704,1.3063905098449267e-09,-0.00053125,0.12723160844924755
731,0.0085,9999999999,0.001,200,8.862857142857138,0.07533428571428567,1.3068726492735465e-09,-3.79464285714275e-05,0.1252963405925869
732,0.0085,9999999999,0.001,200,10.005714285714276,0.08504857142857136,1.3074169601307437e-09,0.00015178571428571376,0.13520035845027406
733,0.0085,9999999999,0.001,200,9.862857142857138,0.08383428571428568,1.3079534995593688e-09,-1.897321428571375e-05,0.13381531380795347
734,0.0085,9999999999,0.001,200,7.148571428571415,0.060762857142857035,1.308342381845122e-09,-0.00036049107142857253,0.11040236737977084
735,0.0085,9999999999,0.001,200,8.531428571428563,0.0725171428571428,1.308806491559454e-09,0.00018366071428571498,0.122700804880235
736,0.0085,9999999999,0.001,200,4.291428571428554,0.036477142857142715,1.309039945273763e-09,-0.0005631250000000012,0.08591401916618266
737,0.0085,9999999999,0.001,200,4.2457142857142856,0.03608857142857143,1.3092709121309292e-09,-6.071428571426286e-06,0.08608250130927092
738,0.0085,9999999999,0.001,200,3.1485714285714153,0.026762857142857033,1.3094421944166606e-09,-0.00014571428571428748,0.07661714416658494
739,0.0085,9999999999,0.001,200,6.862857142857138,0.05833428571428567,1.3098155338452693e-09,0.0004933035714285726,0.10882759059552978
740,0.0085,9999999999,0.001,200,1.6742857142857304,0.014231428571428709,1.3099066149881355e-09,-0.0006891071428571401,0.06354232273847818
741,0.0085,9999999999,0.001,200,2.291428571428554,0.01947714285714271,1.3100312687024338e-09,8.196428571428127e-05,0.06955910845288826
742,0.0085,9999999999,0.001,200,-1.1828571428571308,-0.010054285714285613,1.3099669212738558e-09,-0.00046142857142856755,0.039484287024252746
743,0.0085,9999999999,0.001,200,-3.7542857142857144,-0.03191142857142858,1.3097626881309782e-09,-0.0003415178571428588,0.017747054881191257
744,0.0085,9999999999,0.001,200,-3.9942857142857235,-0.03395142857142865,1.3095453989880993e-09,-3.187500000000121e-05,0.016016697738116745
745,0.0085,9999999999,0.001,200,-3.9942857142857235,-0.03395142857142865,1.3093281098452206e-09,0.0,0.01604857273789946
746,0.0085,9999999999,0.001,200,-11.18285714285713,-0.09505428571428562,1.3087197624165885e-09,-0.0009547321428571401,-0.046009016548423
747,0.0085,9999999999,0.001,200,-11.994285714285724,-0.10195142857142865,1.3080672732736658e-09,-0.00010776785714285997,-0.052059195120504234
748,0.0085,9999999999,0.001,200,-6.897142857142853,-0.05862571428571426,1.3076920687022e-09,0.0006769642857142875,-0.007948748692307904
749,0.0085,9999999999,0.001,200,-7.9942857142857235,-0.06795142857142865,1.3072571795592992e-09,-0.00014571428571428748,-0.01809714154988576
750,0.0085,9999999999,0.001,200,-3.182857142857131,-0.027054285714285614,1.3070840321307105e-09,0.00063901785714286,0.02358473344994128
751,0.0085,9999999999,0.001,200,-14.039999999999992,-0.11933999999999995,1.3063202561306342e-09,-0.0014419642857142864,-0.07078196297939397
752,0.0085,9999999999,0.001,200,-10.039999999999992,-0.08533999999999994,1.3057740801305795e-09,0.00053125,-0.03480874869422586
753,0.0085,9999999999,0.001,200,-10.32571428571427,-0.0877685714285713,1.3052123612733805e-09,-3.79464285714275e-05,-0.03780651655193036
754,0.0085,9999999999,0.001,200,-16.56571428571428,-0.14080857142857137,1.3043111864161475e-09,-0.0008287500000000013,-0.09163732012426017
755,0.0085,9999999999,0.001,200,-12.611428571428576,-0.10719714285714291,1.3036251247017932e-09,0.00052517857142857,-0.05667196298208921
756,0.0085,9999999999,0.001,200,-11.994285714285724,-0.10195142857142865,1.3029726355588707e-09,8.196428571428505e-05,-0.051869462982741726
757,0.0085,9999999999,0.001,200,-13.994285714285724,-0.11895142857142865,1.3022113464159373e-09,-0.000265625,-0.0692170522692173
758,0.0085,9999999999,0.001,200,-17.468571428571437,-0.14848285714285722,1.3012610561301278e-09,-0.00046142857142857135,-0.09894428441302476
759,0.0085,9999999999,0.001,200,-23.18285714285713,-0.19705428571428563,1.2999999087014303e-09,-0.0007589285714285688,-0.14781321298571426
760,0.0085,9999999999,0.001,200,-16.611428571428576,-0.1411971428571429,1.2990962469870542e-09,0.000872767857142855,-0.0903243737009038
761,0.0085,9999999999,0.001,200,-10.565714285714279,-0.08980857142857138,1.298521472129854e-09,0.0008029464285714301,-0.039005623701478476
762,0.0085,9999999999,0.001,200,-15.897142857142853,-0.13512571428571427,1.297656667558339e-09,-0.0007080803571428576,-0.08583379334520046
763,0.0085,9999999999,0.001,200,-16.611428571428576,-0.1411971428571429,1.2967530058439626e-09,-9.486607142857251e-05,-0.09129200763181848
764,0.0085,9999999999,0.001,200,-17.897142857142853,-0.15212571428571425,1.2957794012724367e-09,-0.0001707589285714275,-0.10229647191850628
765,0.0085,9999999999,0.001,200,-23.754285714285714,-0.20191142857142858,1.2944871681294503e-09,-0.0007779017857142863,-0.1526893290626557
766,0.0085,9999999999,0.001,200,-26.32571428571427,-0.22376857142857132,1.2930550492721641e-09,-0.000341517857142855,-0.1741100879926591
767,0.0085,9999999999,0.001,200,-18.32571428571427,-0.1557685714285713,1.2920581304149216e-09,0.0010625,-0.10470607013651319
768,0.0085,9999999999,0.001,200,-17.754285714285714,-0.15091142857142859,1.2910922972719677e-09,7.5892857142855e-05,-0.10083553442319344
769,0.0085,9999999999,0.001,200,-16.32571428571427,-0.1387685714285713,1.2902041784147362e-09,0.00018973214285714502,-0.08857883799550999
770,0.0085,9999999999,0.001,200,-16.611428571428576,-0.1411971428571429,1.2893005167003601e-09,-3.794642857143127e-05,-0.09123508799641382
771,0.0085,9999999999,0.001,200,-20.754285714285714,-0.17641142857142858,1.28817148355739e-09,-0.0005502232142857138,-0.12696165049754282
772,0.0085,9999999999,0.001,200,-20.754285714285714,-0.17641142857142858,1.2870424504144199e-09,0.0,-0.12641142728438615
773,0.0085,9999999999,0.001,200,-19.468571428571437,-0.16548285714285724,1.2859833601285997e-09,0.0001707589285714275,-0.11531209692830245
774,0.0085,9999999999,0.001,200,-20.611428571428576,-0.1751971428571429,1.284862098414202e-09,-0.00015178571428571376,-0.1253489272865665
775,0.0085,9999999999,0.001,200,-20.611428571428576,-0.1751971428571429,1.283740836699804e-09,0.0,-0.12519714157340206
776,0.0085,9999999999,0.001,200,-26.039999999999992,-0.22133999999999995,1.2823242606996626e-09,-0.0007209821428571413,-0.17206098086053284
777,0.0085,9999999999,0.001,200,-22.18285714285713,-0.18855428571428562,1.2811175132709702e-09,0.0005122767857142864,-0.13804200764745383
778,0.0085,9999999999,0.001,200,-23.039999999999992,-0.19583999999999996,1.279864137270845e-09,-0.00011383928571428626,-0.1459538380058501
779,0.0085,9999999999,0.001,200,-23.468571428571437,-0.19948285714285724,1.278587446985003e-09,-5.691964285714502e-05,-0.14953977550712694
780,0.0085,9999999999,0.001,200,-17.18285714285713,-0.1460542857142856,1.277652699556338e-09,0.0008348214285714313,-0.09521946300806146
781,0.0085,9999999999,0.001,200,-25.32571428571427,-0.2152685714285713,1.2762749806990574e-09,-0.0010814732142857139,-0.16635004336658205
782,0.0085,9999999999,0.001,200,-21.18285714285713,-0.1800542857142856,1.2751226332703708e-09,0.0005502232142857138,-0.12950406122487723
783,0.0085,9999999999,0.001,200,-21.754285714285714,-0.1849114285714286,1.2739392001273951e-09,-7.589285714285876e-05,-0.13498732015463222
784,0.0085,9999999999,0.001,200,-22.611428571428576,-0.1921971428571429,1.2727091384129863e-09,-0.00011383928571428626,-0.14231098087014804
785,0.0085,9999999999,0.001,200,-22.039999999999992,-0.18733999999999995,1.2715101624128664e-09,7.589285714285876e-05,-0.1372641058713469
786,0.0085,9999999999,0.001,200,-22.897142857142853,-0.19462571428571426,1.2702645578413131e-09,-0.00011383928571428626,-0.14473955230116398
787,0.0085,9999999999,0.001,200,-19.468571428571437,-0.16548285714285724,1.269205467555493e-09,0.00045535714285714136,-0.11502749873079464
788,0.0085,9999999999,0.001,200,-22.754285714285714,-0.1934114285714286,1.267967634412512e-09,-0.0004363839285714275,-0.14384781123203239
789,0.0085,9999999999,0.001,200,-22.32571428571427,-0.18976857142857131,1.2667531155552478e-09,5.691964285714502e-05,-0.13971165051896106
790,0.0085,9999999999,0.001,200,-24.039999999999992,-0.20433999999999994,1.2654453395551172e-09,-0.00022767857142857252,-0.1545676773059832
791,0.0085,9999999999,0.001,200,-21.754285714285714,-0.1849114285714286,1.2642619064121417e-09,0.0003035714285714275,-0.13460785587859525
792,0.0085,9999999999,0.001,200,-22.754285714285714,-0.1934114285714286,1.2630240732691607e-09,-0.0001328125,-0.14354423980840453
793,0.0085,9999999999,0.001,200,-23.754285714285714,-0.20191142857142858,1.2617318401261743e-09,-0.0001328125,-0.15204423980969672
794,0.0085,9999999999,0.001,200,-24.32571428571427,-0.2067685714285713,1.260408521268899e-09,-7.5892857142855e-05,-0.15684446302530564
795,0.0085,9999999999,0.001,200,-13.468571428571437,-0.11448285714285722,1.2596758309831116e-09,0.0014419642857142825,-0.0630408915974671
796,0.0085,9999999999,0.001,200,-20.897142857142853,-0.17762571428571428,1.2585390264115692e-09,-0.0009866071428571413,-0.12861232017003238
797,0.0085,9999999999,0.001,200,-23.468571428571437,-0.19948285714285724,1.257262336125727e-09,-0.0003415178571428588,-0.14982437374273777
798,0.0085,9999999999,0.001,200,-23.754285714285714,-0.20191142857142858,1.2559701029827407e-09,-3.79464285714275e-05,-0.1519493737440299
799,0.0085,9999999999,0.001,200,-25.754285714285714,-0.2189114285714286,1.2545690698397436e-09,-0.000265625,-0.16917705231685953
800,0.0085,9999999999,0.001,200,-26.32571428571427,-0.22376857142857132,1.2531369509824574e-09,-7.5892857142855e-05,-0.17384446303257722
801,0.0085,9999999999,0.001,200,-22.611428571428576,-0.1921971428571429,1.2519068892680486e-09,0.0004933035714285688,-0.14170383803380743
802,0.0085,9999999999,0.001,200,-23.18285714285713,-0.19705428571428563,1.2506457418393513e-09,-7.5892857142855e-05,-0.1471301773207827
803,0.0085,9999999999,0.001,200,-20.32571428571427,-0.1727685714285713,1.2495400229820977e-09,0.00037946428571428636,-0.12238910589331699
804,0.0085,9999999999,0.001,200,-26.32571428571427,-0.22376857142857132,1.2481079041248117e-09,-0.0007968750000000001,-0.1745654451804634
805,0.0085,9999999999,0.001,200,-23.18285714285713,-0.19705428571428563,1.246846756696114e-09,0.00041741071428571375,-0.14663687375315315
806,0.0085,9999999999,0.001,200,-20.611428571428576,-0.1751971428571429,1.2457254949817163e-09,0.000341517857142855,-0.12485562375427457
807,0.0085,9999999999,0.001,200,-20.039999999999992,-0.17033999999999994,1.2446353189816073e-09,7.589285714285876e-05,-0.12026410589822177
808,0.0085,9999999999,0.001,200,-23.468571428571437,-0.19948285714285724,1.2433586286957651e-09,-0.00045535714285714504,-0.14993821304235572
809,0.0085,9999999999,0.001,200,-23.468571428571437,-0.19948285714285724,1.242081938409923e-09,0.0,-0.1494828559007753
810,0.0085,9999999999,0.001,200,-19.468571428571437,-0.16548285714285724,1.2410228481241028e-09,0.00053125,-0.11495160590183438
811,0.0085,9999999999,0.001,200,-27.611428571428576,-0.2346971428571429,1.2395207864096669e-09,-0.0010814732142857139,-0.18577861483190783
812,0.0085,9999999999,0.001,200,-22.32571428571427,-0.18976857142857131,1.2383062675524027e-09,0.0007020089285714313,-0.13906656126169364
813,0.0085,9999999999,0.001,200,-23.18285714285713,-0.19705428571428563,1.2370451201237052e-09,-0.00011383928571428626,-0.1471681237629548
814,0.0085,9999999999,0.001,200,-23.18285714285713,-0.19705428571428563,1.2357839726950075e-09,0.0,-0.14705428447850166
815,0.0085,9999999999,0.001,200,-23.897142857142853,-0.20312571428571427,1.234483968123449e-09,-9.486607142857251e-05,-0.1532205791226589
816,0.0085,9999999999,0.001,200,-24.897142857142853,-0.21162571428571428,1.233129563551885e-09,-0.0001328125,-0.1617585255525847
817,0.0085,9999999999,0.001,200,-30.039999999999992,-0.25533999999999996,1.2314953875517214e-09,-0.0006830357142857138,-0.2060230344827903
818,0.0085,9999999999,0.001,200,-22.039999999999992,-0.18733999999999995,1.2302964115516017e-09,0.0010625,-0.13627749876970352
819,0.0085,9999999999,0.001,200,-23.468571428571437,-0.19948285714285724,1.2290197212657596e-09,-0.00018973214285714502,-0.14967258805669464
820,0.0085,9999999999,0.001,200,-26.32571428571427,-0.22376857142857132,1.2275876024084734e-09,-0.0003794642857142825,-0.17414803448669797
821,0.0085,9999999999,0.001,200,-20.039999999999992,-0.17033999999999994,1.2264974264083644e-09,0.0008348214285714275,-0.11950517734493109
822,0.0085,9999999999,0.001,200,-26.039999999999992,-0.22133999999999995,1.2250808504082227e-09,-0.0007968750000000001,-0.1721368737749191
823,0.0085,9999999999,0.001,200,-27.18285714285713,-0.23105428571428563,1.2236021029795036e-09,-0.00015178571428571376,-0.1812060702049692
824,0.0085,9999999999,0.001,200,-29.754285714285714,-0.25291142857142856,1.2219834698364845e-09,-0.0003415178571428588,-0.203252945206588
825,0.0085,9999999999,0.001,200,-28.039999999999992,-0.23833999999999994,1.2204580938363319e-09,0.00022767857142857252,-0.18811232020811325
826,0.0085,9999999999,0.001,200,-28.32571428571427,-0.2407685714285713,1.218917174979035e-09,-3.79464285714275e-05,-0.19080651663822557
827,0.0085,9999999999,0.001,200,-28.18285714285713,-0.23955428571428564,1.2173840275503104e-09,1.897321428571375e-05,-0.18953531128261591
828,0.0085,9999999999,0.001,200,-27.897142857142853,-0.23712571428571427,1.21586642297873e-09,3.79464285714275e-05,-0.1870877666412764
829,0.0085,9999999999,0.001,200,-31.468571428571437,-0.26748285714285724,1.2141545326928444e-09,-0.0004743303571428588,-0.21795718628584554
830,0.0085,9999999999,0.001,200,-30.32571428571427,-0.2577685714285713,1.2125048138355366e-09,0.00015178571428571753,-0.20761678450178078
831,0.0085,9999999999,0.001,200,-34.32571428571427,-0.2917685714285713,1.210637494978207e-09,-0.00053125,-0.24229982021793384
832,0.0085,9999999999,0.001,200,-43.754285714285714,-0.3719114285714286,1.2082572618351119e-09,-0.0012522321428571454,-0.3231636595060285
833,0.0085,9999999999,0.001,200,-36.89714285714285,-0.3136257142857143,1.2062500572634825e-09,0.0009107142857142863,-0.26271499879375
834,0.0085,9999999999,0.001,200,-34.89714285714285,-0.29662571428571427,1.204351652691864e-09,0.000265625,-0.24636008808136262
835,0.0085,9999999999,0.001,200,-35.754285714285714,-0.3039114285714286,1.2024066195488125e-09,-0.00011383928571428626,-0.2540252666547363
836,0.0085,9999999999,0.001,200,-42.32571428571427,-0.3597685714285713,1.2001041006914393e-09,-0.000872767857142855,-0.31064133808561006
837,0.0085,9999999999,0.001,200,-43.46857142857144,-0.3694828571428572,1.1977394104054886e-09,-0.00015178571428571753,-0.31963464165940353
838,0.0085,9999999999,0.001,200,-40.03999999999999,-0.34034,1.1955612344052708e-09,0.00045535714285714504,-0.28988464166158157
839,0.0085,9999999999,0.001,200,-40.89714285714285,-0.34762571428571426,1.1933364298336196e-09,-0.00011383928571428626,-0.29773955237809213
840,0.0085,9999999999,0.001,200,-41.18285714285713,-0.35005428571428565,1.1910960824048242e-09,-3.79464285714275e-05,-0.300092230951761
841,0.0085,9999999999,0.001,200,-40.32571428571427,-0.3427685714285713,1.188902363547462e-09,0.00011383928571428626,-0.29265473095395467
842,0.0085,9999999999,0.001,200,-41.46857142857144,-0.35248285714285726,1.186646473261522e-09,-0.00015178571428571753,-0.30263464167049653
843,0.0085,9999999999,0.001,200,-40.611428571428576,-0.3451971428571429,1.1844372115470154e-09,0.00011383928571428626,-0.29508330238699143
844,0.0085,9999999999,0.001,200,-43.18285714285713,-0.3670542857142856,1.182088064118209e-09,-0.000341517857142855,-0.31739580238934045
845,0.0085,9999999999,0.001,200,-43.46857142857144,-0.3694828571428572,1.1797233738322586e-09,-3.794642857143127e-05,-0.31952080239170527
846,0.0085,9999999999,0.001,200,-44.03999999999999,-0.37433999999999995,1.177327597832019e-09,-7.5892857142855e-05,-0.3244158916798152
847,0.0085,9999999999,0.001,200,-33.18285714285713,-0.28205428571428565,1.175522450403267e-09,0.0014419642857142864,-0.2306123202530489
848,0.0085,9999999999,0.001,200,-45.46857142857144,-0.38648285714285724,1.1730489601173053e-09,-0.0016316964285714314,-0.33811455239837973
849,0.0085,9999999999,0.001,200,-43.754285714285714,-0.3719114285714286,1.1706687269742101e-09,0.00022767857142857252,-0.3216837488293313
850,0.0085,9999999999,0.001,200,-44.32571428571427,-0.37676857142857134,1.168257408116826e-09,-7.5892857142855e-05,-0.3268444631174568
851,0.0085,9999999999,0.001,200,-50.03999999999999,-0.42533999999999994,1.165535232116554e-09,-0.0007589285714285727,-0.3760989274058933
852,0.0085,9999999999,0.001,200,-45.18285714285713,-0.3840542857142856,1.1630772846877365e-09,0.0006450892857142863,-0.33340919526549406
853,0.0085,9999999999,0.001,200,-44.611428571428576,-0.3791971428571429,1.1606504229732082e-09,7.5892857142855e-05,-0.3291212488393496
854,0.0085,9999999999,0.001,200,-43.89714285714285,-0.3731257142857143,1.1582624184015408e-09,9.486607142857251e-05,-0.3230308470560233
855,0.0085,9999999999,0.001,200,-43.754285714285714,-0.3719114285714286,1.1558821852584456e-09,1.897321428571375e-05,-0.3218924542012607
856,0.0085,9999999999,0.001,200,-42.03999999999999,-0.35733999999999994,1.1535952092582167e-09,0.00022767857142857252,-0.30711232027497615
857,0.0085,9999999999,0.001,200,-40.89714285714285,-0.34762571428571426,1.1513704046865657e-09,0.00015178571428571376,-0.2974739274200582
858,0.0085,9999999999,0.001,200,-42.32571428571427,-0.3597685714285713,1.1490678858291926e-09,-0.00018973214285714126,-0.3099583024223606
859,0.0085,9999999999,0.001,200,-40.03999999999999,-0.34034,1.1468897098289747e-09,0.0003035714285714275,-0.2900364274245389
860,0.0085,9999999999,0.001,200,-36.754285714285714,-0.3124114285714286,1.1448902766859178e-09,0.0004363839285714275,-0.2619750434979669
861,0.0085,9999999999,0.001,200,-37.754285714285714,-0.32091142857142857,1.1428364435428553e-09,-0.0001328125,-0.27104423992859217
862,0.0085,9999999999,0.001,200,-34.89714285714285,-0.29662571428571427,1.1409380389712369e-09,0.00037946428571428636,-0.24624624885906193
863,0.0085,9999999999,0.001,200,-41.754285714285714,-0.3549114285714286,1.1386666058281524e-09,-0.0009107142857142863,-0.30582214171847627
864,0.0085,9999999999,0.001,200,-35.18285714285713,-0.2990542857142856,1.1367526583993895e-09,0.0008727678571428588,-0.24818151672039013
865,0.0085,9999999999,0.001,200,-33.46857142857144,-0.28448285714285726,1.1349319681134932e-09,0.00022767857142856875,-0.2342551774364967
866,0.0085,9999999999,0.001,200,-33.754285714285714,-0.2869114285714286,1.1330957349704526e-09,-3.79464285714275e-05,-0.2369493738669043
867,0.0085,9999999999,0.001,200,-32.611428571428576,-0.2771971428571429,1.1313216732559895e-09,0.00015178571428571376,-0.22704535601153558
868,0.0085,9999999999,0.001,200,-31.32571428571427,-0.2662685714285713,1.1296175543986763e-09,0.00017075892857143127,-0.2160978113703823
869,0.0085,9999999999,0.001,200,-28.897142857142853,-0.24562571428571428,1.1280455498270904e-09,0.00032254464285714135,-0.1953031685148116
870,0.0085,9999999999,0.001,200,-29.754285714285714,-0.25291142857142856,1.1264269166840713e-09,-0.00011383928571428626,-0.20302526673071597
871,0.0085,9999999999,0.001,200,-29.468571428571437,-0.25048285714285723,1.1248238263981969e-09,3.79464285714275e-05,-0.20044490958946198
872,0.0085,9999999999,0.001,200,-28.897142857142853,-0.24562571428571428,1.123251821826611e-09,7.589285714285876e-05,-0.1955498203053196
873,0.0085,9999999999,0.001,200,-30.611428571428576,-0.2601971428571429,1.1215865601121587e-09,-0.00022767857142857252,-0.21042482030698495
874,0.0085,9999999999,0.001,200,-28.039999999999992,-0.23833999999999994,1.120061184112006e-09,0.0003415178571428588,-0.18799848102279587
875,0.0085,9999999999,0.001,200,-27.754285714285714,-0.23591142857142858,1.118551350968998e-09,3.79464285714275e-05,-0.1858734810243058
876,0.0085,9999999999,0.001,200,-30.039999999999992,-0.25533999999999996,1.1169171749688346e-09,-0.0003035714285714275,-0.2056435703116542
877,0.0085,9999999999,0.001,200,-33.754285714285714,-0.2869114285714286,1.115080941825794e-09,-0.0004933035714285726,-0.23740473102777626
878,0.0085,9999999999,0.001,200,-36.32571428571427,-0.30876857142857134,1.1131048229684536e-09,-0.000341517857142855,-0.2591100881726094
879,0.0085,9999999999,0.001,200,-31.81714285714287,-0.2704457142857144,1.1113739703968519e-09,0.0005987946428571392,-0.2198469185314833
880,0.0085,9999999999,0.001,200,-31.754285714285714,-0.2699114285714286,1.109646537253822e-09,8.34821428571586e-06,-0.21990307924749636
881,0.0085,9999999999,0.001,200,-32.67428571428573,-0.27773142857142874,1.1078690561107872e-09,-0.00012218750000000212,-0.22785361496355966
882,0.0085,9999999999,0.001,200,-36.67428571428573,-0.3117314285714287,1.1058739749677303e-09,-0.00053125,-0.26226267746555476
883,0.0085,9999999999,0.001,200,-39.245714285714286,-0.33358857142857146,1.1037390081103742e-09,-0.000341517857142855,-0.28393008818197535
884,0.0085,9999999999,0.001,200,-42.89714285714285,-0.3646257142857143,1.1014054035387122e-09,-0.00048495535714285676,-0.31511066854145175
885,0.0085,9999999999,0.001,200,-51.53142857142856,-0.4380171428571428,1.0986020938241463e-09,-0.001146741071428571,-0.38916388282996933
886,0.0085,9999999999,0.001,200,-50.03999999999999,-0.42533999999999994,1.095879917823874e-09,0.00019808035714285712,-0.37514191854697715
887,0.0085,9999999999,0.001,200,-57.46857142857144,-0.4884828571428573,1.092753627537847e-09,-0.0009866071428571452,-0.4394694631929608
888,0.0085,9999999999,0.001,200,-66.89714285714285,-0.5686257142857143,1.0891144229660544e-09,-0.0012522321428571413,-0.519877945339457
889,0.0085,9999999999,0.001,200,-62.754285714285714,-0.5334114285714286,1.085700589822856e-09,0.0005502232142857138,-0.48286120427144236
890,0.0085,9999999999,0.001,200,-71.46857142857144,-0.6074828571428572,1.0818126995367528e-09,-0.0011573660714285726,-0.558640222132473
891,0.0085,9999999999,0.001,200,-78.10285714285715,-0.6638742857142858,1.0775639041077567e-09,-0.0008811160714285709,-0.6147554007081504
892,0.0085,9999999999,0.001,200,-83.75428571428571,-0.7119114285714286,1.0730076709644442e-09,-0.0007505803571428567,-0.6626620078555637
893,0.0085,9999999999,0.001,200,-92.67428571428572,-0.7877314285714286,1.0679661898210827e-09,-0.0011846875000000004,-0.7389161150034624
894,0.0085,9999999999,0.001,200,-95.75428571428571,-0.8139114285714286,1.0627571566777047e-09,-0.0004090624999999998,-0.7643204900086714
895,0.0085,9999999999,0.001,200,-99.75428571428571,-0.8479114285714286,1.0573305235343049e-09,-0.00053125,-0.798442677514098
896,0.0085,9999999999,0.001,200,-99.18285714285715,-0.8430542857142858,1.0519349761051938e-09,7.589285714285688e-05,-0.7929783918052079
897,0.0085,9999999999,0.001,200,-100.03999999999999,-0.85034,1.0464928001046498e-09,-0.00011383928571428438,-0.8004538382392214
898,0.0085,9999999999,0.001,200,-109.75428571428571,-0.9329114285714286,1.0405221669611955e-09,-0.0012901785714285725,-0.884201606102335
899,0.0085,9999999999,0.001,200,-106.96000000000001,-0.9091600000000001,1.0347035429606136e-09,0.0003711160714285704,-0.8587888828938679
900,0.0085,9999999999,0.001,200,-117.75428571428571,-1.0009114285714287,1.0282977098171157e-09,-0.0014336160714285705,-0.9523450436145595
901,0.0085,9999999999,0.001,200,-122.61142857142856,-1.0421971428571428,1.0216276481021631e-09,-0.0006450892857142844,-0.9928422311212295
902,0.0085,9999999999,0.001,200,-124.61142857142856,-1.059197142857143,1.0148487863871996e-09,-0.000265625,-1.009462766842294
903,0.0085,9999999999,0.001,200,-136.3257142857143,-1.1587685714285716,1.0074326675293151e-09,-0.0015558035714285747,-1.1103243739925674
904,0.0085,9999999999,0.001,200,-130.89714285714285,-1.1126257142857143,1.0003118629571745e-09,0.0007209821428571451,-1.0619047311425454
905,0.0085,9999999999,0.001,200,-133.18285714285713,-1.1320542857142857,9.930667155278785e-10,-0.0003035714285714275,-1.0823578561497904
906,0.0085,9999999999,0.001,200,-132.61142857142858,-1.127197142857143,9.858526538128713e-10,7.5892857142855e-05,-1.0771212490141473
907,0.0085,9999999999,0.001,200,-133.04000000000002,-1.1308400000000003,9.786152778121475e-10,-5.691964285714502e-05,-1.0808969186642423
908,0.0085,9999999999,0.001,200,-134.3257142857143,-1.1417685714285717,9.713079589542738e-10,-0.0001707589285714275,-1.091939329385835
909,0.0085,9999999999,0.001,200,-136.04000000000002,-1.1563400000000004,9.639073829535337e-10,-0.00022767857142857252,-1.1065676776075215
910,0.0085,9999999999,0.001,200,-138.89714285714285,-1.1806257142857144,9.563513783813495e-10,-0.0003794642857142825,-1.1310051776150771
911,0.0085,9999999999,0.001,200,-138.61142857142858,-1.178197142857143,9.488109166663096e-10,3.79464285714275e-05,-1.1281591954797607
912,0.0085,9999999999,0.001,200,-138.46857142857144,-1.1769828571428573,9.41278226379842e-10,1.897321428571375e-05,-1.1269638829872934
913,0.0085,9999999999,0.001,200,-138.89714285714285,-1.1806257142857144,9.33722221807658e-10,-5.6919642857141247e-05,-1.1306826329948492
914,0.0085,9999999999,0.001,200,-138.04000000000002,-1.1733400000000003,9.262128458069069e-10,0.00011383928571428249,-1.123226159788073
915,0.0085,9999999999,0.001,200,-138.61142857142858,-1.178197142857143,9.186723840918671e-10,-7.5892857142855e-05,-1.1282730347956134
916,0.0085,9999999999,0.001,200,-138.6742857142857,-1.1787314285714285,9.111285029482556e-10,-8.348214285712086e-06,-1.1287397758745856
917,0.0085,9999999999,0.001,200,-137.46857142857144,-1.1684828571428574,9.036502126617937e-10,0.00016013392857142585,-1.1183227223106356
918,0.0085,9999999999,0.001,200,-128.61142857142858,-1.093197142857143,8.966537509468084e-10,0.0011763392857142864,-1.042020802674775
919,0.0085,9999999999,0.001,200,-140.04000000000002,-1.1903400000000002,8.890355749460465e-10,-0.0015178571428571454,-1.1418578562538217
920,0.0085,9999999999,0.001,200,-142.89714285714285,-1.2146257142857144,8.812619703738406e-10,-0.0003794642857142825,-1.1650051776901666
921,0.0085,9999999999,0.001,200,-141.75428571428571,-1.2049114285714286,8.735505372302124e-10,0.00015178571428571376,-1.1547596419835924
922,0.0085,9999999999,0.001,200,-148.18285714285713,-1.2595542857142856,8.654893898008348e-10,-0.0008537946428571413,-1.2104080794916532
923,0.0085,9999999999,0.001,200,-143.46857142857144,-1.2194828571428573,8.576846995143401e-10,0.0006261160714285688,-1.1688567402137442
924,0.0085,9999999999,0.001,200,-142.85142857142858,-1.214237142857143,8.499135817992772e-10,8.196428571428505e-05,-1.164155177721515
925,0.0085,9999999999,0.001,200,-142.28,-1.2093800000000001,8.421735497985032e-10,7.589285714285876e-05,-1.1593041063006837
926,0.0085,9999999999,0.001,200,-143.46857142857144,-1.2194828571428573,8.343688595120086e-10,-0.00015785714285714383,-1.1696407134513456
927,0.0085,9999999999,0.001,200,-143.70857142857142,-1.2215228571428571,8.265511132255124e-10,-3.1874999999997434e-05,-1.171554731316306
928,0.0085,9999999999,0.001,200,-142.28,-1.2093800000000001,8.188110812247384e-10,0.00018973214285714126,-1.1591902670383318
929,0.0085,9999999999,0.001,200,-145.13714285714286,-1.2336657142857144,8.109156206525203e-10,-0.00037946428571428636,-1.184045177760513
930,0.0085,9999999999,0.001,200,-144.42285714285714,-1.2275942857142859,8.030590172231633e-10,9.486607142857251e-05,-1.1774994188397983
931,0.0085,9999999999,0.001,200,-146.24571428571429,-1.2430885714285715,7.951032503652249e-10,-0.00024209821428571466,-1.1933306688477539
932,0.0085,9999999999,0.001,200,-144.89714285714285,-1.2316257142857143,7.872208457930081e-10,0.00017910714285714337,-1.1814466063556361
933,0.0085,9999999999,0.001,200,-146.5657142857143,-1.2458085714285716,7.792476709350679e-10,-0.00022160714285714625,-1.196030177792181
934,0.0085,9999999999,0.001,200,-143.70857142857142,-1.2215228571428571,7.714299246485718e-10,0.00037946428571429005,-1.1711433920857128
935,0.0085,9999999999,0.001,200,-141.13714285714286,-1.1996657142857143,7.637520640763754e-10,0.000341517857142855,-1.1493241956648192
936,0.0085,9999999999,0.001,200,-144.70857142857142,-1.230022857142857,7.558799177898738e-10,-0.000474330357142855,-1.1804971867441199
937,0.0085,9999999999,0.001,200,-144.85142857142858,-1.2312371428571431,7.480000000748002e-10,-1.8973214285717523e-05,-1.1812561153234287
938,0.0085,9999999999,0.001,200,-141.70857142857142,-1.2045228571428572,7.402910537883149e-10,0.00041741071428571755,-1.1541054456882802
939,0.0085,9999999999,0.001,200,-143.13714285714286,-1.2166657142857145,7.325043932161078e-10,-0.00018973214285714502,-1.1668554456960671
940,0.0085,9999999999,0.001,200,-141.42285714285714,-1.2020942857142858,7.248109897867671e-10,0.00022767857142857252,-1.151866606418046
941,0.0085,9999999999,0.001,200,-141.13714285714286,-1.1996657142857143,7.171331292145706e-10,3.79464285714275e-05,-1.14962776714001
942,0.0085,9999999999,0.001,200,-143.42285714285714,-1.2190942857142857,7.093309257852189e-10,-0.0003035714285714275,-1.1693978564335263
943,0.0085,9999999999,0.001,200,-140.28,-1.19238,7.016996937844558e-10,0.00041741071428571375,-1.1419625885840146
944,0.0085,9999999999,0.001,200,-144.28,-1.22638,6.938508617836709e-10,-0.00053125,-1.1769112493061493
945,0.0085,9999999999,0.001,200,-140.5657142857143,-1.1948085714285717,6.862040869257634e-10,0.0004933035714285688,-1.1443152671709391
946,0.0085,9999999999,0.001,200,-140.85142857142858,-1.197237142857143,6.785417692107114e-10,-3.79464285714275e-05,-1.1472750886071728
947,0.0085,9999999999,0.001,200,-143.42285714285714,-1.2190942857142857,6.707395657813597e-10,-0.000341517857142855,-1.169435802900689
948,0.0085,9999999999,0.001,200,-141.99428571428572,-1.2069514285714287,6.630150766377302e-10,0.00018973214285714126,-1.1567616957655564
949,0.0085,9999999999,0.001,200,-141.99428571428572,-1.2069514285714287,6.552905874941005e-10,0.0,-1.1569514279161381
950,0.0085,9999999999,0.001,200,-141.42285714285714,-1.2020942857142858,6.475971840647598e-10,7.589285714285876e-05,-1.1520183922095457
951,0.0085,9999999999,0.001,200,-142.5657142857143,-1.2118085714285718,6.398416092068414e-10,-0.00015178571428571753,-1.1619603565030159
952,0.0085,9999999999,0.001,200,-138.85142857142858,-1.180237142857143,6.322880914918003e-10,0.0004933035714285726,-1.1297438386534264
953,0.0085,9999999999,0.001,200,-143.42285714285714,-1.2190942857142857,6.244858880624487e-10,-0.000607142857142855,-1.1697014279469427
954,0.0085,9999999999,0.001,200,-143.13714285714286,-1.2166657142857145,6.166992274902415e-10,3.79464285714275e-05,-1.166627767240444
955,0.0085,9999999999,0.001,200,-142.28,-1.2093800000000001,6.089591954894675e-10,0.00011383928571428626,-1.1592661601053267
956,0.0085,9999999999,0.001,200,-143.13714285714286,-1.2166657142857145,6.011725349172603e-10,-0.00011383928571428626,-1.1667795529702563
957,0.0085,9999999999,0.001,200,-144.13714285714286,-1.2251657142857144,5.933314743450476e-10,-0.0001328125,-1.175298526192383
958,0.0085,9999999999,0.001,200,-140.28,-1.19238,5.857002423442844e-10,0.0005122767857142864,-1.1418677226285856
959,0.0085,9999999999,0.001,200,-142.5657142857143,-1.2118085714285718,5.77944667486366e-10,-0.00030357142857143137,-1.1621121422791987
960,0.0085,9999999999,0.001,200,-146.28,-1.2433800000000002,5.699870354855702e-10,-0.0004933035714285688,-1.1938733030014417
961,0.0085,9999999999,0.001,200,-143.70857142857142,-1.2215228571428571,5.621692891990741e-10,0.0003415178571428588,-1.171181338723545
962,0.0085,9999999999,0.001,200,-142.5657142857143,-1.2118085714285718,5.544137143411557e-10,0.00015178571428571,-1.1616567851598725
963,0.0085,9999999999,0.001,200,-146.5657142857143,-1.2458085714285716,5.464405394832155e-10,-0.00053125,-1.1963398208821312
964,0.0085,9999999999,0.001,200,-142.5657142857143,-1.2118085714285718,5.38684964625297e-10,0.00053125,-1.1612773208898868
965,0.0085,9999999999,0.001,200,-145.13714285714286,-1.2336657142857144,5.307895040530789e-10,-0.000341517857142855,-1.1840072316120678
966,0.0085,9999999999,0.001,200,-145.13714285714286,-1.2336657142857144,5.228940434808609e-10,0.0,-1.1836657137628204
967,0.0085,9999999999,0.001,200,-142.85142857142858,-1.214237142857143,5.151229257657979e-10,0.0003035714285714275,-1.1639335709134486
968,0.0085,9999999999,0.001,200,-141.42285714285714,-1.2020942857142858,5.074295223364572e-10,0.00018973214285714502,-1.151904553063999
969,0.0085,9999999999,0.001,200,-142.28,-1.2093800000000001,4.996894903356832e-10,-0.00011383928571428626,-1.159493838786025
970,0.0085,9999999999,0.001,200,-139.77142857142857,-1.188057142857143,4.920859246206371e-10,0.0003331696428571429,-1.1377239727221997
971,0.0085,9999999999,0.001,200,-139.85142857142858,-1.1887371428571432,4.844780069055906e-10,-1.0625000000001661e-05,-1.1387477673726651
972,0.0085,9999999999,0.001,200,-138.85142857142858,-1.180237142857143,4.769244891905496e-10,0.0001328125,-1.1301043298802185
973,0.0085,9999999999,0.001,200,-143.99428571428572,-1.2239514285714288,4.690912000469092e-10,-0.0006830357142857138,-1.1746344638166233
974,0.0085,9999999999,0.001,200,-138.5657142857143,-1.1778085714285718,4.6155322518901244e-10,0.0007209821428571413,-1.1270875888241614
975,0.0085,9999999999,0.001,200,-141.70857142857142,-1.2045228571428572,4.538442789025272e-10,-0.00041741071428571,-1.1549402674032987
976,0.0085,9999999999,0.001,200,-141.42285714285714,-1.2020942857142858,4.4615087547318647e-10,3.79464285714275e-05,-1.1520563388395635
977,0.0085,9999999999,0.001,200,-143.85142857142858,-1.222737142857143,4.383253577581182e-10,-0.00032254464285714503,-1.1730596870616747
978,0.0085,9999999999,0.001,200,-139.99428571428572,-1.1899514285714288,4.3070966861449955e-10,0.0005122767857142864,-1.1394391513550048
979,0.0085,9999999999,0.001,200,-142.85142857142858,-1.214237142857143,4.229385508994367e-10,-0.00037946428571428636,-1.1646166067199186
980,0.0085,9999999999,0.001,200,-142.5657142857143,-1.2118085714285718,4.151829760415183e-10,3.79464285714275e-05,-1.1617706245848174
981,0.0085,9999999999,0.001,200,-138.85142857142858,-1.180237142857143,4.076294583264772e-10,0.0004933035714285726,-1.129743838878085
982,0.0085,9999999999,0.001,200,-149.99428571428572,-1.2749514285714287,3.994697691828041e-10,-0.001479910714285714,-1.2264313388862447
983,0.0085,9999999999,0.001,200,-140.85142857142858,-1.197237142857143,3.9180745146775215e-10,0.0012142857142857138,-1.14602285675105
984,0.0085,9999999999,0.001,200,-142.28,-1.2093800000000001,3.840674194669781e-10,-0.00018973214285714126,-1.1595697317587899
985,0.0085,9999999999,0.001,200,-139.99428571428572,-1.1899514285714288,3.764517303233594e-10,0.0003035714285714275,-1.1396478567664055
986,0.0085,9999999999,0.001,200,-140.28,-1.19238,3.688204983225963e-10,-3.79464285714275e-05,-1.1424179460597508
987,0.0085,9999999999,0.001,200,-138.28,-1.17538,3.612980663218441e-10,0.000265625,-1.125114374638702
988,0.0085,9999999999,0.001,200,-138.28,-1.17538,3.537756343210918e-10,0.0,-1.1253799996462244
989,0.0085,9999999999,0.001,200,-127.13714285714286,-1.0806657142857143,3.4685937374897156e-10,0.001479910714285714,-1.029185803224569
990,0.0085,9999999999,0.001,200,-135.99428571428572,-1.1559514285714287,3.394612846053747e-10,-0.0011763392857142864,-1.1071277675176816
991,0.0085,9999999999,0.001,200,-137.46857142857144,-1.1684828571428574,3.3198299431891254e-10,-0.00019580357142857133,-1.1186786603823031
992,0.0085,9999999999,0.001,200,-136.61142857142858,-1.161197142857143,3.245513326038837e-10,0.00011383928571428626,-1.1110833032468774
993,0.0085,9999999999,0.001,200,-129.70857142857142,-1.1025228571428571,3.1749518631746384e-10,0.0009167857142857163,-1.0516060711110762
994,0.0085,9999999999,0.001,200,-134.5657142857143,-1.1438085714285717,3.101748114595889e-10,-0.0006450892857142901,-1.0944536604041113
995,0.0085,9999999999,0.001,200,-136.85142857142858,-1.163237142857143,3.0273009374455873e-10,-0.0003035714285714275,-1.1135407139829845
996,0.0085,9999999999,0.001,200,-137.42285714285714,-1.1680942857142858,2.952542903152397e-10,-7.5892857142855e-05,-1.1181701782761744
997,0.0085,9999999999,0.001,200,-132.61142857142858,-1.127197142857143,2.880402286002326e-10,0.0006390178571428562,-1.0765581247119598
998,0.0085,9999999999,0.001,200,-135.3257142857143,-1.1502685714285716,2.8067850974235354e-10,-0.00036049107142857253,-1.1006290622193216
999,0.0085,9999999999,0.001,200,-132.28,-1.1243800000000002,2.73482477741634e-10,0.0004045089285714301,-1.0739754907979462
1000,0.0085,9999999999,0.001,200,-131.70857142857142,-1.119522857142857,2.663175314552032e-10,7.589285714285876e-05,-1.0694469640193964
1001,0.0085,9999999999,0.001,200,-124.03999999999999,-1.05434,2.595697554545284e-10,0.0010184821428571426,-1.0033215175975732
1002,0.0085,9999999999,0.001,200,-125.18285714285715,-1.0640542857142858,2.52759808025276e-10,-0.00015178571428571568,-1.0142060711758116
1003,0.0085,9999999999,0.001,200,-126.32571428571428,-1.0737685714285714,2.4588768916744593e-10,-0.00015178571428571376,-1.0239203568969693
1004,0.0085,9999999999,0.001,200,-125.46857142857142,-1.066482857142857,2.390621988810491e-10,0.00011383928571428626,-1.0163690176180806
1005,0.0085,9999999999,0.001,200,-129.42285714285714,-1.1000942857142857,2.320215954517736e-10,-0.0005251785714285718,-1.0506194640536928
1006,0.0085,9999999999,0.001,200,-129.18285714285713,-1.0980542857142856,2.249940480224994e-10,3.187500000000121e-05,-1.0480224104892917
1007,0.0085,9999999999,0.001,200,-129.75428571428571,-1.1029114285714285,2.1793541487893643e-10,-7.589285714285876e-05,-1.052987321210636
1008,0.0085,9999999999,0.001,200,-132.3257142857143,-1.1247685714285716,2.1073689602107372e-10,-0.0003415178571428588,-1.0751100890749774
1009,0.0085,9999999999,0.001,200,-129.46857142857144,-1.1004828571428573,2.0369380573465513e-10,0.00037946428571428636,-1.0501033926534493
1010,0.0085,9999999999,0.001,200,-132.61142857142858,-1.127197142857143,1.9647974401964798e-10,-0.00041741071428571375,-1.077614553374949
1011,0.0085,9999999999,0.001,200,-136.3257142857143,-1.1587685714285716,1.8906362516176353e-10,-0.0004933035714285726,-1.1092618748109364
1012,0.0085,9999999999,0.001,200,-141.75428571428571,-1.2049114285714286,1.8135219201813524e-10,-0.0007209821428571413,-1.1556324105329334
1013,0.0085,9999999999,0.001,200,-140.61142857142858,-1.195197142857143,1.7370293030308461e-10,0.00015178571428571376,-1.1450453569691545
1014,0.0085,9999999999,0.001,200,-136.04000000000002,-1.1563400000000004,1.6630235430234456e-10,0.000607142857142855,-1.1057328569765552
1015,0.0085,9999999999,0.001,200,-135.46857142857144,-1.1514828571428573,1.589328640158933e-10,7.589285714285876e-05,-1.1014069641267814
1016,0.0085,9999999999,0.001,200,-127.75428571428571,-1.0859114285714286,1.519830308723412e-10,0.0010245535714285727,-1.034886874848017
1017,0.0085,9999999999,0.001,200,-131.75428571428571,-1.1199114285714287,1.448155977287673e-10,-0.00053125,-1.0704426784266132
1018,0.0085,9999999999,0.001,200,-128.89714285714285,-1.0956257142857144,1.3780359315663754e-10,0.00037946428571428636,-1.0452462498621966
1019,0.0085,9999999999,0.001,200,-120.89714285714285,-1.0276257142857144,1.3122678858455127e-10,0.0010625,-0.9765632141544875
1020,0.0085,9999999999,0.001,200,-121.75428571428571,-1.0349114285714287,1.2460335544103178e-10,-0.00011383928571428626,-0.9850252677325395
1021,0.0085,9999999999,0.001,200,-119.18285714285715,-1.013054285714286,1.1811980801181203e-10,0.0003415178571428569,-0.9627127677390233
1022,0.0085,9999999999,0.001,200,-114.89714285714285,-0.9766257142857143,1.1186940343975839e-10,0.0005691964285714294,-0.9260565177452734
1023,0.0085,9999999999,0.001,200,-110.61142857142856,-0.9401971428571428,1.0585214172487096e-10,0.0005691964285714294,-0.8896279463227192
1024,0.0085,9999999999,0.001,200,-105.75428571428571,-0.8989114285714286,1.0009910858143851e-10,0.0006450892857142844,-0.8482663391856151
1025,0.0085,9999999999,0.001,200,-103.46857142857142,-0.8794828571428571,9.447041829516137e-11,0.0003035714285714294,-0.8291792856198152
1026,0.0085,9999999999,0.001,200,-105.75428571428571,-0.8989114285714286,8.871738515172891e-11,-0.0003035714285714294,-0.8492149999112826
1027,0.0085,9999999999,0.001,200,-100.03999999999999,-0.85034,8.32752091511847e-11,0.0007589285714285727,-0.7995810713452962
1028,0.0085,9999999999,0.001,200,-112.32571428571428,-0.9547685714285715,7.716469029343078e-11,-0.0016316964285714294,-0.9064002677799782
1029,0.0085,9999999999,0.001,200,-98.89714285714285,-0.8406257142857143,7.178468572146422e-11,0.0017834821428571433,-0.7888422320710724
1030,0.0085,9999999999,0.001,200,-98.03999999999999,-0.83334,6.645130972093088e-11,0.00011383928571428626,-0.7832261606478343
1031,0.0085,9999999999,0.001,200,-96.89714285714285,-0.8236257142857143,6.11801051489752e-11,0.00015178571428571376,-0.7734739285102484
1032,0.0085,9999999999,0.001,200,-91.18285714285715,-0.7750542857142858,5.6219757719907723e-11,0.0007589285714285707,-0.7242953570866374
1033,0.0085,9999999999,0.001,200,-84.32571428571428,-0.7167685714285714,5.163243886230613e-11,0.0009107142857142863,-0.6658578570912246
1034,0.0085,9999999999,0.001,200,-79.18285714285715,-0.6730542857142858,4.732489143330395e-11,0.0006830357142857138,-0.6223712499526751
1035,0.0085,9999999999,0.001,200,-73.18285714285715,-0.6220542857142858,4.3343744004334406e-11,0.0007968750000000001,-0.5712574106709419
1036,0.0085,9999999999,0.001,200,-69.46857142857144,-0.5904828571428573,3.956465371824221e-11,0.0004933035714285706,-0.5399895535318641
1037,0.0085,9999999999,0.001,200,-65.46857142857144,-0.5564828571428573,3.600316343217178e-11,0.00053125,-0.505951607106854
1038,0.0085,9999999999,0.001,200,-59.18285714285713,-0.5030542857142857,3.27836160032784e-11,0.0008348214285714313,-0.45221946425293064
1039,0.0085,9999999999,0.001,200,-47.32571428571427,-0.4022685714285713,3.0209097145878084e-11,0.0015747767857142863,-0.35069379461264794
1040,0.0085,9999999999,0.001,200,-47.46857142857144,-0.40348285714285725,2.7626806859905574e-11,-1.8973214285717523e-05,-0.3535018303295162
1041,0.0085,9999999999,0.001,200,-40.89714285714285,-0.34762571428571426,2.540200228825452e-11,0.0008727678571428588,-0.2967529464031694
1042,0.0085,9999999999,0.001,200,-30.611428571428576,-0.2601971428571429,2.373674057380228e-11,0.0013660714285714276,-0.20883107140483476
1043,0.0085,9999999999,0.001,200,-21.754285714285714,-0.1849114285714286,2.2553307430826794e-11,0.0011763392857142864,-0.13373508926316097
1044,0.0085,9999999999,0.001,200,-10.611428571428576,-0.0901971428571429,2.1976045716483357e-11,0.001479910714285714,-0.03871723212088114
1045,0.0085,9999999999,0.001,200,-0.46857142857143685,-0.003982857142857213,2.195055543076652e-11,0.001347098214285714,0.047364241093379056
1046,0.0085,9999999999,0.001,200,9.67428571428573,0.08223142857142872,2.2476836573676294e-11,0.0013470982142857176,0.13357852680819127
1047,0.0085,9999999999,0.001,200,19.102857142857147,0.16237428571428575,2.351603200235164e-11,0.0012522321428571413,0.2136265178806589
1048,0.0085,9999999999,0.001,200,30.81714285714287,0.2619457142857144,2.519248457394786e-11,0.0015558035714285726,0.31350151788233543
1049,0.0085,9999999999,0.001,200,37.81714285714287,0.3214457142857144,2.7249737145582156e-11,0.0009296875000000001,0.37237540181296414
1050,0.0085,9999999999,0.001,200,47.96000000000001,0.4076600000000001,2.985876114584306e-11,0.001347098214285714,0.45900709824414454
1051,0.0085,9999999999,0.001,200,60.81714285714287,0.5169457142857145,3.316721371760248e-11,0.0017075892857142865,0.568653303604596
1052,0.0085,9999999999,0.001,200,68.81714285714287,0.5849457142857144,3.691086628940542e-11,0.0010625,0.6360082143226253
1053,0.0085,9999999999,0.001,200,83.6742857142857,0.7112314285714285,4.146274743271775e-11,0.0019732142857142826,0.7632046428986056
1054,0.0085,9999999999,0.001,200,100.24571428571426,0.8520885714285712,4.691611429040594e-11,0.0022008928571428553,0.9042894643326302
1055,0.0085,9999999999,0.001,200,116.24571428571431,0.9880885714285718,5.323988114818118e-11,0.0021250000000000075,1.0402135714818117
1056,0.0085,9999999999,0.001,200,128.2457142857143,1.0900885714285717,6.021644800602169e-11,0.0015937500000000001,1.1416823214887883
1057,0.0085,9999999999,0.001,200,142.2457142857143,1.2090885714285717,6.795461486393836e-11,0.0018593750000000001,1.2609479464965263
1058,0.0085,9999999999,0.001,200,157.96000000000004,1.3426600000000004,7.654763886479768e-11,0.0020870535714285726,1.3947470536479767
1059,0.0085,9999999999,0.001,200,169.96000000000004,1.4446600000000005,8.579346286572227e-11,0.0015937500000000001,1.496253750085794
1060,0.0085,9999999999,0.001,200,170.5314285714286,1.4495171428571432,9.507037258093567e-11,7.5892857142855e-05,1.4995930358093565
1061,0.0085,9999999999,0.001,200,165.38857142857148,1.4058028571428578,1.0406751086754967e-10,-0.00068303571428571,1.4551198215326395
1062,0.0085,9999999999,0.001,200,188.1028571428572,1.5988742857142864,1.1430030629714439e-10,0.0030167410714285726,1.6518910269000153
1063,0.0085,9999999999,0.001,200,222.81714285714287,1.8939457142857146,1.264215588697851e-10,0.004610491071428565,1.9485562054835648
1064,0.0085,9999999999,0.001,200,283.2457142857143,2.4075885714285716,1.418301257284688e-10,0.008025669642857145,2.4656142412132587
1065,0.0085,9999999999,0.001,200,301.5314285714286,2.5630171428571433,1.5823343544439488e-10,0.0024285714285714275,2.615445714443948
1066,0.0085,9999999999,0.001,200,304.81714285714287,2.5909457142857146,1.7481548801748166e-10,0.0004363839285714275,2.641382098389101
1067,0.0085,9999999999,0.001,200,308.3885714285715,2.6213028571428576,1.9159182630487359e-10,0.00047433035714286256,2.671777187691592
1068,0.0085,9999999999,0.001,200,306.67428571428576,2.606731428571429,2.0827490744939905e-10,-0.00022767857142857252,2.656503750208275
1069,0.0085,9999999999,0.001,200,305.2457142857143,2.594588571428572,2.2488027430820242e-10,-0.00018973214285714502,2.6443988395105946
1070,0.0085,9999999999,0.001,200,304.2457142857143,2.5860885714285717,2.4143124116700037e-10,-0.0001328125,2.635955759170003
1071,0.0085,9999999999,0.001,200,289.1028571428572,2.4573742857142866,2.571584365971445e-10,-0.00201116071428571,2.505363125257159
1072,0.0085,9999999999,0.001,200,231.61142857142858,1.9686971428571431,2.697580983126902e-10,-0.007635580357142866,2.011061562769758
1073,0.0085,9999999999,0.001,200,167.46857142857147,1.4234828571428575,2.788683885993155e-10,-0.00851897321428571,1.4649638842074404
1074,0.0085,9999999999,0.001,200,103.04000000000002,0.8758400000000003,2.84473764599876e-10,-0.008556919642857146,0.917283080641617
1075,0.0085,9999999999,0.001,200,44.754285714285714,0.3804114285714286,2.8690839774297664e-10,-0.007741071428571432,0.42267035742976555
1076,0.0085,9999999999,0.001,200,-10.388571428571424,-0.08830285714285711,2.863432594572058e-10,-0.007323660714285714,-0.045626517570799566
1077,0.0085,9999999999,0.001,200,-59.245714285714286,-0.5035885714285715,2.831202925997406e-10,-0.006488839285714287,-0.4600774104311655
1078,0.0085,9999999999,0.001,200,-113.81714285714285,-0.9674457142857144,2.769286400276929e-10,-0.007247767857142858,-0.9246934818659286
1079,0.0085,9999999999,0.001,200,-132.96,-1.13016,2.696956160269696e-10,-0.002542410714285716,-1.0827024104445901
1080,0.0085,9999999999,0.001,200,-146.38857142857142,-1.2443028571428572,2.6173207774045896e-10,-0.0017834821428571413,-1.1960863390239822
1081,0.0085,9999999999,0.001,200,-152.96,-1.3001600000000002,2.5341105373962687e-10,-0.0008727678571428588,-1.251032767603732
1082,0.0085,9999999999,0.001,200,-157.81714285714287,-1.3414457142857146,2.448258011673398e-10,-0.0006450892857142863,-1.2920908033266032
1083,0.0085,9999999999,0.001,200,-162.38857142857142,-1.3803028571428573,2.3599186288074214e-10,-0.000607142857142855,-1.3309099997640081
1084,0.0085,9999999999,0.001,200,-164.10285714285715,-1.394874285714286,2.27064667451278e-10,-0.00022767857142857252,-1.34510196405865
1085,0.0085,9999999999,0.001,200,-167.81714285714287,-1.4264457142857145,2.179354148789365e-10,-0.0004933035714285726,-1.3769390176392076
1086,0.0085,9999999999,0.001,200,-167.81714285714287,-1.4264457142857145,2.0880616230659503e-10,0.0,-1.3764457140769084
1087,0.0085,9999999999,0.001,200,-166.6742857142857,-1.4167314285714285,1.9973908116283116e-10,0.00015178571428571753,-1.3665796426574037
1088,0.0085,9999999999,0.001,200,-164.96,-1.40216,1.9076525716193376e-10,0.00022767857142856875,-1.3519323212378063
1089,0.0085,9999999999,0.001,200,-163.24571428571429,-1.3875885714285716,1.8188469030390285e-10,0.00022767857142857252,-1.3373608926752583
1090,0.0085,9999999999,0.001,200,-168.6742857142857,-1.4337314285714287,1.7270880916012813e-10,-0.0007209821428571413,-1.384452410541577
1091,0.0085,9999999999,0.001,200,-162.6742857142857,-1.3827314285714285,1.6385932801638605e-10,0.0007968750000000001,-1.331934553407569
1092,0.0085,9999999999,0.001,200,-163.81714285714287,-1.3924457142857145,1.549476754440663e-10,-0.00015178571428571753,-1.3425974998450525
1093,0.0085,9999999999,0.001,200,-162.38857142857142,-1.3803028571428573,1.4611373715746862e-10,0.00018973214285714502,-1.3301131248538862
1094,0.0085,9999999999,0.001,200,-155.24571428571429,-1.3195885714285716,1.376683702994812e-10,0.0009486607142857138,-1.2686399105766175
1095,0.0085,9999999999,0.001,200,-158.96,-1.3511600000000001,1.2902094629861647e-10,-0.0004933035714285726,-1.3016533034424076
1096,0.0085,9999999999,0.001,200,-157.5314285714286,-1.3390171428571431,1.2045123658347376e-10,0.00018973214285714126,-1.2888274105938347
1097,0.0085,9999999999,0.001,200,-155.81714285714287,-1.3244457142857144,1.1197478401119755e-10,0.00022767857142857252,-1.274218035602311
1098,0.0085,9999999999,0.001,200,-160.6742857142857,-1.3657314285714286,1.0323410286746634e-10,-0.0006450892857142827,-1.3163765177539088
1099,0.0085,9999999999,0.001,200,-154.6742857142857,-1.3147314285714287,9.481982172376777e-11,0.0007968750000000001,-1.2639345534766087
1100,0.0085,9999999999,0.001,200,-154.6742857142857,-1.3147314285714287,8.640554058006919e-11,0.0,-1.264731428485023
1101,0.0085,9999999999,0.001,200,-158.10285714285715,-1.3438742857142858,7.780474515063769e-11,-0.00045535714285714504,-1.2943296427793383
1102,0.0085,9999999999,0.001,200,-152.96,-1.3001600000000002,6.948372114980557e-11,0.0006830357142857138,-1.2494769642162307
1103,0.0085,9999999999,0.001,200,-152.38857142857142,-1.295302857142857,6.11937828632623e-11,7.589285714285876e-05,-1.2452269642245204
1104,0.0085,9999999999,0.001,200,-152.6742857142857,-1.2977314285714285,5.2888301719574605e-11,-3.79464285714275e-05,-1.2477693749471115
1105,0.0085,9999999999,0.001,200,-148.10285714285715,-1.2588742857142858,4.48315062901975e-11,0.000607142857142855,-1.2082671428123115
1106,0.0085,9999999999,0.001,200,-148.38857142857142,-1.2613028571428573,3.675916800367598e-11,-3.79464285714275e-05,-1.2113408035346693
1107,0.0085,9999999999,0.001,200,-150.6742857142857,-1.2807314285714286,2.856248685999917e-11,-0.0003035714285714275,-1.2310349999714376
1108,0.0085,9999999999,0.001,200,-150.96,-1.28316,2.0350262859177948e-11,-3.794642857143127e-05,-1.2331979464082212
1109,0.0085,9999999999,0.001,200,-146.6742857142857,-1.2467314285714286,1.23711817155229e-11,0.0005691964285714313,-1.196162232130486
1110,0.0085,9999999999,0.001,200,-150.6742857142857,-1.2807314285714286,4.1745005718460875e-12,-0.00053125,-1.2312626785672542
1111,0.0085,9999999999,0.001,200,-148.96,-1.2661600000000002,-3.928923428964256e-12,0.00022767857142856875,-1.2159323214325004
1112,0.0085,9999999999,0.001,200,-149.24571428571429,-1.2685885714285716,-1.2047890286919011e-11,-3.79464285714275e-05,-1.2186265178691909
1113,0.0085,9999999999,0.001,200,-149.5314285714286,-1.271017142857143,-2.018240000201818e-11,-3.794642857143127e-05,-1.2210550893058967
1114,0.0085,9999999999,0.001,200,-150.10285714285715,-1.2758742857142857,-2.8347995431406168e-11,-7.5892857142855e-05,-1.2259501785997766
1115,0.0085,9999999999,0.001,200,-150.38857142857142,-1.2783028571428572,-3.6529133717938565e-11,-3.79464285714275e-05,-1.2283408036079577
1116,0.0085,9999999999,0.001,200,-148.6742857142857,-1.2637314285714285,-4.4617014861604495e-11,0.00022767857142857252,-1.2135037500446169
1117,0.0085,9999999999,0.001,200,-148.38857142857142,-1.2613028571428573,-5.2689353148126013e-11,3.79464285714275e-05,-1.2112649107669753
1118,0.0085,9999999999,0.001,200,-147.81714285714287,-1.2564457142857144,-6.07306057203587e-11,7.5892857142855e-05,-1.206369821489302
1119,0.0085,9999999999,0.001,200,-148.10285714285715,-1.2588742857142858,-6.87874011497358e-11,-3.79464285714275e-05,-1.2089122322116446
1120,0.0085,9999999999,0.001,200,-147.24571428571429,-1.2515885714285715,-7.679756800767969e-11,0.00011383928571428626,-1.2014747322196546
1121,0.0085,9999999999,0.001,200,-138.3257142857143,-1.1757685714285717,-8.432248686557504e-11,0.0011846874999999985,-1.1245838840128943
1122,0.0085,9999999999,0.001,200,-143.81714285714287,-1.2224457142857146,-9.214613943778597e-11,-0.0007293303571428571,-1.1731750447350036
1123,0.0085,9999999999,0.001,200,-143.81714285714287,-1.2224457142857146,-9.99697920099969e-11,0.0,-1.1724457143856843
1124,0.0085,9999999999,0.001,200,-144.38857142857142,-1.2273028571428573,-1.0782453029649667e-10,-7.5892857142855e-05,-1.1773787501078248
1125,0.0085,9999999999,0.001,200,-144.3257142857143,-1.2267685714285717,-1.1567584915442466e-10,8.348214285712086e-06,-1.1767602233299619
1126,0.0085,9999999999,0.001,200,-143.46857142857144,-1.2194828571428573,-1.2348053944091943e-10,0.00011383928571428626,-1.1693690179806235
1127,0.0085,9999999999,0.001,200,-144.61142857142858,-1.2291971428571429,-1.3134740115599185e-10,-0.00015178571428571376,-1.1793489287027759
1128,0.0085,9999999999,0.001,200,-143.75428571428571,-1.2219114285714288,-1.39167634299631e-10,0.00011383928571428626,-1.171797589424882
1129,0.0085,9999999999,0.001,200,-144.04000000000002,-1.2243400000000002,-1.4700341030041455e-10,-3.794642857143127e-05,-1.174377946575575
1130,0.0085,9999999999,0.001,200,-142.89714285714285,-1.2146257142857144,-1.547770148726205e-10,0.00015178571428571753,-1.1644739287262058
1131,0.0085,9999999999,0.001,200,-144.04000000000002,-1.2243400000000002,-1.6261279087340408e-10,-0.00015178571428571753,-1.1744917858768986
1132,0.0085,9999999999,0.001,200,-142.04000000000002,-1.2073400000000003,-1.7033976687417679e-10,0.000265625,-1.15707437517034
1133,0.0085,9999999999,0.001,200,-139.18285714285713,-1.1830542857142856,-1.7791131430350537e-10,0.00037946428571429005,-1.1326748216064826
1134,0.0085,9999999999,0.001,200,-140.04000000000002,-1.1903400000000002,-1.8552949030426718e-10,-0.00011383928571429004,-1.140453839471244
1135,0.0085,9999999999,0.001,200,-140.89714285714285,-1.1976257142857143,-1.9319429487646224e-10,-0.00011383928571428249,-1.1477395537646229
1136,0.0085,9999999999,0.001,200,-139.18285714285713,-1.1830542857142856,-2.007658423057908e-10,0.00022767857142857252,-1.1328266073436228
1137,0.0085,9999999999,0.001,200,-140.89714285714285,-1.1976257142857143,-2.0843064687798586e-10,-0.00022767857142857252,-1.1478533930655734
1138,0.0085,9999999999,0.001,200,-138.3257142857143,-1.1757685714285717,-2.159555657358812e-10,0.000341517857142855,-1.1254270537873843
1139,0.0085,9999999999,0.001,200,-138.04000000000002,-1.1733400000000003,-2.2346494173663215e-10,3.79464285714275e-05,-1.123302053794894
1140,0.0085,9999999999,0.001,200,-137.75428571428571,-1.1709114285714286,-2.3095877488023864e-10,3.794642857143127e-05,-1.120873482373816
1141,0.0085,9999999999,0.001,200,-138.89714285714285,-1.1806257142857144,-2.3851477945242285e-10,-0.00015178571428571376,-1.1307775002385148
1142,0.0085,9999999999,0.001,200,-137.46857142857144,-1.1684828571428574,-2.4599306973888495e-10,0.00018973214285714126,-1.1182931252459931
1143,0.0085,9999999999,0.001,200,-138.04000000000002,-1.1733400000000003,-2.535024457396359e-10,-7.589285714285876e-05,-1.1234158931106457
1144,0.0085,9999999999,0.001,200,-138.3257142857143,-1.1757685714285717,-2.610273645975312e-10,-3.79464285714275e-05,-1.1258065181181705
1145,0.0085,9999999999,0.001,200,-138.89714285714285,-1.1806257142857144,-2.6858336916971543e-10,-7.5892857142855e-05,-1.1307016074114407
1146,0.0085,9999999999,0.001,200,-144.61142857142858,-1.2291971428571429,-2.764502308847878e-10,-0.0007589285714285727,-1.1799560717050217
1147,0.0085,9999999999,0.001,200,-137.46857142857144,-1.1684828571428574,-2.839285211712499e-10,0.0009486607142857138,-1.1175341967125
1148,0.0085,9999999999,0.001,200,-136.75428571428571,-1.1624114285714287,-2.91367954314851e-10,9.486607142857251e-05,-1.112316562791368
1149,0.0085,9999999999,0.001,200,-135.75428571428571,-1.1539114285714287,-2.9875298745844663e-10,0.0001328125,-1.1037786163701817
1150,0.0085,9999999999,0.001,200,-135.04000000000002,-1.1478400000000002,-3.060991634591812e-10,9.486607142856874e-05,-1.0977451342346707
1151,0.0085,9999999999,0.001,200,-136.04000000000002,-1.1563400000000004,-3.1349973945992135e-10,-0.0001328125,-1.1064728128135
1152,0.0085,9999999999,0.001,200,-135.75428571428571,-1.1539114285714287,-3.2088477260351694e-10,3.794642857143127e-05,-1.1038734824637422
1153,0.0085,9999999999,0.001,200,-135.18285714285713,-1.1490542857142856,-3.282387200328238e-10,7.589285714285876e-05,-1.0989783931853814
1154,0.0085,9999999999,0.001,200,-140.3257142857143,-1.1927685714285716,-3.3587243889073003e-10,-0.0006830357142857176,-1.1434516074787298
1155,0.0085,9999999999,0.001,200,-132.3257142857143,-1.1247685714285716,-3.430709577485927e-10,0.0010625,-1.0737060717716425
1156,0.0085,9999999999,0.001,200,-134.61142857142858,-1.144197142857143,-3.503938194636107e-10,-0.0003035714285714275,-1.094500714636108
1157,0.0085,9999999999,0.001,200,-124.32571428571428,-1.0567685714285715,-3.571571383214299e-10,0.0013660714285714294,-1.0054025003571572
1158,0.0085,9999999999,0.001,200,-134.3257142857143,-1.1417685714285717,-3.6446445717930353e-10,-0.001328125000000002,-1.093096696793036
1159,0.0085,9999999999,0.001,200,-133.18285714285713,-1.1320542857142857,-3.717096046085994e-10,0.00015178571428571753,-1.0819025003717095
1160,0.0085,9999999999,0.001,200,-133.46857142857144,-1.1344828571428573,-3.789702948950398e-10,-3.794642857143127e-05,-1.0845208039503988
1161,0.0085,9999999999,0.001,200,-129.18285714285713,-1.0980542857142856,-3.85997842324314e-10,0.0005691964285714313,-1.047485089671712
1162,0.0085,9999999999,0.001,200,-132.04000000000002,-1.1223400000000003,-3.9318081832503227e-10,-0.00037946428571429005,-1.0727194646788953
1163,0.0085,9999999999,0.001,200,-131.46857142857144,-1.1174828571428572,-4.003327086114617e-10,7.589285714285876e-05,-1.067406964686047
1164,0.0085,9999999999,0.001,200,-132.04000000000002,-1.1223400000000003,-4.0751568461218006e-10,-7.589285714285876e-05,-1.0724158932646588
1165,0.0085,9999999999,0.001,200,-127.75428571428571,-1.0859114285714286,-4.144655177557321e-10,0.0005691964285714313,-1.0353422325573227
1166,0.0085,9999999999,0.001,200,-130.61142857142858,-1.1101971428571429,-4.2157077947072836e-10,-0.00037946428571428636,-1.0605766075644278
1167,0.0085,9999999999,0.001,200,-130.3257142857143,-1.1077685714285717,-4.286604983285802e-10,3.79464285714275e-05,-1.0577306254286607
1168,0.0085,9999999999,0.001,200,-129.46857142857144,-1.1004828571428573,-4.357035886149988e-10,0.00011383928571428626,-1.0503690182928467
1169,0.0085,9999999999,0.001,200,-128.3257142857143,-1.0907685714285715,-4.4268450747283966e-10,0.00015178571428571376,-1.0406167861569704
1170,0.0085,9999999999,0.001,200,-129.46857142857144,-1.1004828571428573,-4.4972759775925826e-10,-0.00015178571428571376,-1.0506346433068705
1171,0.0085,9999999999,0.001,200,-130.89714285714285,-1.1126257142857143,-4.568484023313989e-10,-0.00018973214285714126,-1.0628154468854198
1172,0.0085,9999999999,0.001,200,-128.04000000000002,-1.0883400000000003,-4.6381377833209546e-10,0.0003794642857142825,-1.0379605361781
1173,0.0085,9999999999,0.001,200,-126.89714285714287,-1.0786257142857145,-4.707169829042143e-10,0.00015178571428571568,-1.0284739290421459
1174,0.0085,9999999999,0.001,200,-127.18285714285715,-1.0810542857142857,-4.776357303334776e-10,-3.79464285714275e-05,-1.0310922326204928
1175,0.0085,9999999999,0.001,200,-126.89714285714287,-1.0786257142857145,-4.845389349055965e-10,3.79464285714275e-05,-1.028587768341682
1176,0.0085,9999999999,0.001,200,-123.75428571428571,-1.0519114285714286,-4.912711680491269e-10,0.00041741071428571565,-1.001494018348414
1177,0.0085,9999999999,0.001,200,-125.18285714285715,-1.0640542857142858,-4.980811154783792e-10,-0.00018973214285714318,-1.0142440183552242
1178,0.0085,9999999999,0.001,200,-124.03999999999999,-1.05434,-5.048288914790542e-10,0.00015178571428571568,-1.0041882147905432
1179,0.0085,9999999999,0.001,200,-124.03999999999999,-1.05434,-5.115766674797289e-10,0.0,-1.0043400005115766
1180,0.0085,9999999999,0.001,200,-122.89714285714285,-1.0446257142857143,-5.182622720518261e-10,0.00015178571428571376,-0.9944739290896909
1181,0.0085,9999999999,0.001,200,-123.18285714285715,-1.0470542857142857,-5.249634194810677e-10,-3.794642857142938e-05,-0.9970922326678204
1182,0.0085,9999999999,0.001,200,-122.85142857142857,-1.0442371428571429,-5.316465371960216e-10,4.4017857142857555e-05,-0.9941931255316465
1183,0.0085,9999999999,0.001,200,-123.13714285714286,-1.0466657142857143,-5.383451977681201e-10,-3.794642857142938e-05,-0.9967036612526308
1184,0.0085,9999999999,0.001,200,-121.46857142857142,-1.0324828571428573,-5.449530880544952e-10,0.00022160714285714438,-0.9822612505449533
1185,0.0085,9999999999,0.001,200,-120.85142857142857,-1.027237142857143,-5.515274057694384e-10,8.196428571428505e-05,-0.977155179122956
1186,0.0085,9999999999,0.001,200,-117.42285714285715,-0.9980942857142859,-5.579152091986486e-10,0.00045535714285714136,-0.9476389291293439
1187,0.0085,9999999999,0.001,200,-104.5657142857143,-0.8888085714285715,-5.636035840563603e-10,0.0017075892857142865,-0.8371009827064608
1188,0.0085,9999999999,0.001,200,-116.85142857142857,-0.9932371428571429,-5.699603017712816e-10,-0.0016316964285714277,-0.9448688398556746
1189,0.0085,9999999999,0.001,200,-116.5657142857143,-0.9908085714285716,-5.763014766290586e-10,3.79464285714275e-05,-0.9407706255763015
1190,0.0085,9999999999,0.001,200,-116.28,-0.98838,-5.826271086296912e-10,3.794642857142938e-05,-0.9383420541540556
1191,0.0085,9999999999,0.001,200,-114.85142857142857,-0.9762371428571429,-5.888750263446016e-10,0.00018973214285714318,-0.9260474113031608
1192,0.0085,9999999999,0.001,200,-110.85142857142857,-0.9422371428571429,-5.949053440594905e-10,0.00053125,-0.8917058934520482
1193,0.0085,9999999999,0.001,200,-110.5657142857143,-0.9398085714285715,-6.009201189172348e-10,3.79464285714275e-05,-0.8897706256009201
1194,0.0085,9999999999,0.001,200,-105.99428571428572,-0.9009514285714287,-6.066862080606686e-10,0.0006071428571428569,-0.8503442863209721
1195,0.0085,9999999999,0.001,200,-112.13714285714286,-0.9531657142857144,-6.127864686327072e-10,-0.0008158482142857138,-0.9039815631127865
1196,0.0085,9999999999,0.001,200,-107.70857142857143,-0.9155228571428572,-6.186458149190073e-10,0.0005881696428571432,-0.8649346881186458
1197,0.0085,9999999999,0.001,200,-103.99428571428572,-0.8839514285714287,-6.243031040624303e-10,0.0004933035714285706,-0.8334581256243032
1198,0.0085,9999999999,0.001,200,-105.13714285714286,-0.8936657142857144,-6.300225646344307e-10,-0.00015178571428571376,-0.8438175006300227
1199,0.0085,9999999999,0.001,200,-100.5657142857143,-0.8548085714285716,-6.354933394921207e-10,0.0006071428571428569,-0.8042014292069221
1200,0.0085,9999999999,0.001,200,-103.70857142857143,-0.8815228571428573,-6.411350857783991e-10,-0.00041741071428571375,-0.831940268498278
1201,0.0085,9999999999,0.001,200,-96.70857142857143,-0.8220228571428573,-6.463960320646396e-10,0.0009296875000000001,-0.7710931702892533
1202,0.0085,9999999999,0.001,200,-94.28,-0.8013800000000001,-6.515248640651524e-10,0.00032254464285714314,-0.7510574560086677
1203,0.0085,9999999999,0.001,200,-93.42285714285715,-0.7940942857142859,-6.566070674942321e-10,0.00011383928571428438,-0.7439804470851786
1204,0.0085,9999999999,0.001,200,-93.70857142857143,-0.7965228571428572,-6.61704813780456e-10,-3.79464285714275e-05,-0.7465608042331334
1205,0.0085,9999999999,0.001,200,-94.85142857142857,-0.8062371428571429,-6.668647314952578e-10,-0.00015178571428571376,-0.7563889292382934
1206,0.0085,9999999999,0.001,200,-89.70857142857143,-0.7625228571428573,-6.717448777814602e-10,0.0006830357142857138,-0.7118398221003164
1207,0.0085,9999999999,0.001,200,-87.13714285714286,-0.7406657142857144,-6.764851383533627e-10,0.0003415178571428569,-0.6903241971050565
1208,0.0085,9999999999,0.001,200,-85.13714285714286,-0.7236657142857144,-6.811165989252545e-10,0.000265625,-0.6734000899668309
1209,0.0085,9999999999,0.001,200,-86.5657142857143,-0.7358085714285716,-6.858257737828681e-10,-0.00018973214285714318,-0.6859983042572544
1210,0.0085,9999999999,0.001,200,-83.70857142857143,-0.7115228571428572,-6.903795200690379e-10,0.00037946428571428636,-0.6611433935475224
1211,0.0085,9999999999,0.001,200,-82.28,-0.6993800000000001,-6.948555520694856e-10,0.00018973214285714318,-0.6491902685519985
1212,0.0085,9999999999,0.001,200,-80.5657142857143,-0.6848085714285715,-6.992383269270667e-10,0.00022767857142857068,-0.6345808935563813
1213,0.0085,9999999999,0.001,200,-83.42285714285715,-0.7090942857142859,-7.037765303560919e-10,-0.00037946428571428636,-0.6594737507037767
1214,0.0085,9999999999,0.001,200,-73.28,-0.6228800000000001,-7.077629623564906e-10,0.0013470982142857158,-0.5715329024934773
1215,0.0085,9999999999,0.001,200,-71.70857142857145,-0.6095228571428574,-7.116639086425949e-10,0.000208705357142855,-0.5593141524973784
1216,0.0085,9999999999,0.001,200,-69.42285714285714,-0.5900942857142857,-7.154405120715441e-10,0.00030357142857143137,-0.5397907150011547
1217,0.0085,9999999999,0.001,200,-67.70857142857145,-0.5755228571428573,-7.191238583576266e-10,0.00022767857142856875,-0.5252951792905526
1218,0.0085,9999999999,0.001,200,-67.70857142857145,-0.5755228571428573,-7.228072046437093e-10,0.0,-0.5255228578656645
1219,0.0085,9999999999,0.001,200,-61.851428571428585,-0.525737142857143,-7.261719223583315e-10,0.0007779017857142863,-0.4749592417976007
1220,0.0085,9999999999,0.001,200,-63.708571428571446,-0.5415228571428573,-7.296376686443924e-10,-0.0002466517857142863,-0.49176950965820926
1221,0.0085,9999999999,0.001,200,-58.851428571428585,-0.500237142857143,-7.328391863589982e-10,0.0006450892857142863,-0.449592054304268
1222,0.0085,9999999999,0.001,200,-53.99428571428572,-0.4589514285714287,-7.357764755021491e-10,0.0006450892857142863,-0.4083063400214909
1223,0.0085,9999999999,0.001,200,-49.99428571428572,-0.4249514285714287,-7.384961646452782e-10,0.00053125,-0.3744201793099249
1224,0.0085,9999999999,0.001,200,-50.56571428571428,-0.4298085714285714,-7.41246939502696e-10,-7.5892857142855e-05,-0.3798844650269612
1225,0.0085,9999999999,0.001,200,-43.42285714285714,-0.3690942857142857,-7.436091429315038e-10,0.0009486607142857138,-0.3181456257436091
1226,0.0085,9999999999,0.001,200,-41.708571428571446,-0.3545228571428573,-7.45878089217445e-10,0.00022767857142856875,-0.3042951793173068
1227,0.0085,9999999999,0.001,200,-42.56571428571428,-0.36180857142857137,-7.481936640748194e-10,-0.00011383928571428249,-0.31192241146247934
1228,0.0085,9999999999,0.001,200,-38.851428571428585,-0.330237142857143,-7.503071817893165e-10,0.0004933035714285688,-0.27974384003602165
1229,0.0085,9999999999,0.001,200,-29.137142857142862,-0.24766571428571435,-7.518922423609036e-10,0.0012901785714285725,-0.196375536466178
1230,0.0085,9999999999,0.001,200,-29.137142857142862,-0.24766571428571435,-7.534773029324908e-10,0.0,-0.19766571503919167
1231,0.0085,9999999999,0.001,200,-26.56571428571428,-0.2258085714285714,-7.549224777897782e-10,0.0003415178571428588,-0.175467054326351
1232,0.0085,9999999999,0.001,200,-21.42285714285714,-0.1820942857142857,-7.560878812184661e-10,0.0006830357142857138,-0.1314112507560879
1233,0.0085,9999999999,0.001,200,-18.56571428571428,-0.15780857142857138,-7.5709785607571e-10,0.00037946428571428636,-0.10742910789995495
1234,0.0085,9999999999,0.001,200,-16.851428571428585,-0.14323714285714298,-7.580145737900872e-10,0.00022767857142856875,-0.09300946504372896
1235,0.0085,9999999999,0.001,200,-5.9942857142857235,-0.050951428571428654,-7.58340662932977e-10,0.0014419642857142864,0.0004905349559449768
1236,0.0085,9999999999,0.001,200,-7.708571428571446,-0.0655228571428573,-7.587600092187332e-10,-0.00022767857142857252,-0.015750536473045876
1237,0.0085,9999999999,0.001,200,-9.851428571428585,-0.08373714285714298,-7.592959269330725e-10,-0.00028459821428571374,-0.03402174183072462
1238,0.0085,9999999999,0.001,200,-3.1371428571428623,-0.02666571428571433,-7.594665875045182e-10,0.0008917410714285727,0.024226026026247658
1239,0.0085,9999999999,0.001,200,-1.1371428571428623,-0.009665714285714331,-7.59528448075953e-10,0.000265625,0.04059990995475722
1240,0.0085,9999999999,0.001,200,3.1485714285714153,0.026762857142857033,-7.593571657902215e-10,0.0005691964285714275,0.0773320528120713
1241,0.0085,9999999999,0.001,200,10.57714285714286,0.08990571428571431,-7.587817692187354e-10,0.0009866071428571452,0.14089232066978968
1242,0.0085,9999999999,0.001,200,12.005714285714276,0.10204857142857136,-7.581286583615273e-10,0.00018973214285714126,0.15223830281329986
1243,0.0085,9999999999,0.001,200,8.291428571428554,0.07047714285714271,-7.576776046471965e-10,-0.0004933035714285726,0.11998383852803654
1244,0.0085,9999999999,0.001,200,17.43428571428572,0.14819142857142864,-7.567291795042444e-10,0.0012142857142857177,0.19940571352898517
1245,0.0085,9999999999,0.001,200,22.57714285714286,0.19190571428571432,-7.55500982932693e-10,0.0006830357142857138,0.24258874924449902
1246,0.0085,9999999999,0.001,200,30.291428571428554,0.25747714285714274,-7.538531292182425e-10,0.0010245535714285688,0.30850169567471813
1247,0.0085,9999999999,0.001,200,30.862857142857138,0.2623342857142857,-7.521741897895033e-10,7.589285714285876e-05,0.31241017781925434
1248,0.0085,9999999999,0.001,200,37.00571428571428,0.3145485714285714,-7.501610789321591e-10,0.0008158482142857138,0.365364418892696
1249,0.0085,9999999999,0.001,200,36.86285714285714,0.3133342857142857,-7.481557395033871e-10,-1.897321428571375e-05,0.36331531175184417
1250,0.0085,9999999999,0.001,200,36.57714285714286,0.31090571428571434,-7.461659429317595e-10,-3.79464285714275e-05,0.36086776711097696
1251,0.0085,9999999999,0.001,200,42.291428571428554,0.3594771428571427,-7.438652892172438e-10,0.0007589285714285688,0.41023607068470597
1252,0.0085,9999999999,0.001,200,47.43428571428572,0.40319142857142865,-7.412848640741287e-10,0.0006830357142857176,0.4538744635444295
1253,0.0085,9999999999,0.001,200,46.291428571428554,0.39347714285714275,-7.387666103595911e-10,-0.00015178571428571753,0.44332535640409043
1254,0.0085,9999999999,0.001,200,40.86285714285714,0.3473342857142857,-7.365436709307974e-10,-0.0007209821428571413,0.3966133028348849
1255,0.0085,9999999999,0.001,200,54.291428571428554,0.46147714285714275,-7.335902172162164e-10,0.0017834821428571413,0.5132606242664096
1256,0.0085,9999999999,0.001,200,59.29142857142858,0.503977142857143,-7.303647635016081e-10,0.0006640625000000038,0.5546412046267782
1257,0.0085,9999999999,0.001,200,67.14857142857142,0.570762857142857,-7.267118812155285e-10,0.0010435267857142826,0.6218063832018594
1258,0.0085,9999999999,0.001,200,65.14857142857142,0.5537628571428571,-7.231677989294599e-10,-0.000265625,0.6034972314196894
1259,0.0085,9999999999,0.001,200,69.14857142857142,0.587762857142857,-7.194061166433694e-10,0.00053125,0.638294106423451
1260,0.0085,9999999999,0.001,200,71.43428571428569,0.6071914285714284,-7.155200915001236e-10,0.0003035714285714275,0.6574949992844797
1261,0.0085,9999999999,0.001,200,74.29142857142858,0.631477142857143,-7.114786377854338e-10,0.00037946428571429005,0.6818566064313787
1262,0.0085,9999999999,0.001,200,75.14857142857142,0.6387628571428571,-7.073905554993108e-10,0.00011383928571428249,0.6888766957211808
1263,0.0085,9999999999,0.001,200,77.14857142857142,0.6557628571428571,-7.031936732131768e-10,0.000265625,0.7060284814396635
1264,0.0085,9999999999,0.001,200,78.86285714285714,0.6703342857142858,-6.989035337841763e-10,0.00022767857142857252,0.7205619635868109
1265,0.0085,9999999999,0.001,200,92.14857142857142,0.783262857142857,-6.938906514979608e-10,0.0017645089285714276,0.8350273653775379
1266,0.0085,9999999999,0.001,200,80.29142857142858,0.682477142857143,-6.895227977832382e-10,-0.0015747767857142827,0.730902365381906
1267,0.0085,9999999999,0.001,200,87.43428571428569,0.7431914285714284,-6.847663726399054e-10,0.00094866071428571,0.7941400886009478
1268,0.0085,9999999999,0.001,200,85.71999999999997,0.7286199999999998,-6.801032046394391e-10,-0.00022767857142857252,0.7783923207484681
1269,0.0085,9999999999,0.001,200,86.29142857142858,0.733477142857143,-6.75408950924684e-10,7.589285714286254e-05,0.783553035038877
1270,0.0085,9999999999,0.001,200,90.0057142857143,0.7650485714285716,-6.705126400670514e-10,0.0004933035714285726,0.8155418743294877
1271,0.0085,9999999999,0.001,200,90.29142857142858,0.767477142857143,-6.656007863522746e-10,3.79464285714275e-05,0.8175150886201137
1272,0.0085,9999999999,0.001,200,90.0057142857143,0.7650485714285716,-6.607044754946421e-10,-3.79464285714275e-05,0.8150106243392957
1273,0.0085,9999999999,0.001,200,89.43428571428569,0.7601914285714284,-6.558392503512985e-10,-7.589285714286254e-05,0.8101155350584464
1274,0.0085,9999999999,0.001,200,87.14857142857142,0.7407628571428571,-6.510983680651101e-10,-0.0003035714285714275,0.7904592850631873
1275,0.0085,9999999999,0.001,200,91.14857142857142,0.7747628571428571,-6.461398857789001e-10,0.00053125,0.8252941064967172
1276,0.0085,9999999999,0.001,200,89.14857142857142,0.7577628571428571,-6.412902034927007e-10,-0.000265625,0.8074972315015668
1277,0.0085,9999999999,0.001,200,82.29142857142858,0.699477142857143,-6.368135497779674e-10,-0.0009107142857142827,0.7485664279346151
1278,0.0085,9999999999,0.001,200,88.57714285714286,0.7529057142857144,-6.319949532060571e-10,0.0008348214285714275,0.8037405350822909
1279,0.0085,9999999999,0.001,200,88.57714285714286,0.7529057142857144,-6.271763566341466e-10,0.0,0.8029057136585381
1280,0.0085,9999999999,0.001,200,87.71999999999997,0.7456199999999998,-6.224043886336695e-10,-0.00011383928571429004,0.7955061600918812
1281,0.0085,9999999999,0.001,200,85.14857142857142,0.723762857142857,-6.177723063474919e-10,-0.000341517857142855,0.7734213386679419
1282,0.0085,9999999999,0.001,200,84.0057142857143,0.7140485714285716,-6.132023954898921e-10,-0.00015178571428571,0.7638967851010835
1283,0.0085,9999999999,0.001,200,85.43428571428569,0.7261914285714285,-6.085547703465702e-10,0.0001897321428571375,0.7763811601057309
1284,0.0085,9999999999,0.001,200,84.57714285714286,0.7189057142857144,-6.039537737746815e-10,-0.00011383928571428249,0.7687918743960463
1285,0.0085,9999999999,0.001,200,81.43428571428569,0.6921914285714285,-5.995237486313814e-10,-0.00041741071428571755,0.741774017257619
1286,0.0085,9999999999,0.001,200,76.86285714285714,0.6533342857142858,-5.953424092023918e-10,-0.000607142857142855,0.7027271422618006
1287,0.0085,9999999999,0.001,200,73.14857142857142,0.6217628571428571,-5.913631269162796e-10,-0.0004933035714285726,0.6712695529800653
1288,0.0085,9999999999,0.001,200,74.0057142857143,0.6290485714285716,-5.873372160587342e-10,0.00011383928571429004,0.6791624101269488
1289,0.0085,9999999999,0.001,200,69.71999999999997,0.5926199999999998,-5.835444480583549e-10,-0.0005691964285714351,0.642050802987884
1290,0.0085,9999999999,0.001,200,70.0057142857143,0.5950485714285716,-5.797361372008311e-10,3.7946428571435046e-05,0.645086517277407
1291,0.0085,9999999999,0.001,200,62.86285714285714,0.5343342857142858,-5.763163977719178e-10,-0.0009486607142857176,0.5833856244236837
1292,0.0085,9999999999,0.001,200,60.29142857142858,0.512477142857143,-5.730365440573041e-10,-0.000341517857142855,0.5621356244269636
1293,0.0085,9999999999,0.001,200,57.43428571428569,0.48819142857142844,-5.699121189141345e-10,-0.00037946428571429005,0.5378119637158021
1294,0.0085,9999999999,0.001,200,52.57714285714286,0.44690571428571435,-5.670519223424199e-10,-0.0006450892857142827,0.49626062443294816
1295,0.0085,9999999999,0.001,200,50.57714285714286,0.42990571428571434,-5.643005257707161e-10,-0.000265625,0.4796400887214138
1296,0.0085,9999999999,0.001,200,42.57714285714286,0.36190571428571433,-5.61984329199056e-10,-0.0010625,0.41084321372372995
1297,0.0085,9999999999,0.001,200,38.86285714285714,0.3303342857142857,-5.598701897702732e-10,-0.0004933035714285726,0.3798409815829869
1298,0.0085,9999999999,0.001,200,34.00571428571428,0.2890485714285714,-5.580202789129453e-10,-0.0006450892857142863,0.3384034815848368
1299,0.0085,9999999999,0.001,200,27.43428571428572,0.23319142857142866,-5.565278537699389e-10,-0.000872767857142855,0.282318660157758
1300,0.0085,9999999999,0.001,200,28.43428571428572,0.24169142857142864,-5.54981028626927e-10,0.0001328125,0.2918242405164476
1301,0.0085,9999999999,0.001,200,23.148571428571415,0.19676285714285704,-5.53721746341087e-10,-0.0007020089285714313,0.2460608476605639
1302,0.0085,9999999999,0.001,200,19.43428571428572,0.16519142857142866,-5.526645211981241e-10,-0.0004933035714285688,0.21469812444733555
1303,0.0085,9999999999,0.001,200,14.005714285714276,0.11904857142857136,-5.51902610340905e-10,-0.0007209821428571451,0.1683275887338116
1304,0.0085,9999999999,0.001,200,10.719999999999999,0.09111999999999999,-5.513194423408468e-10,-0.0004363839285714275,0.1406836155201091
1305,0.0085,9999999999,0.001,200,4.57714285714286,0.038905714285714314,-5.510704457693933e-10,-0.0008158482142857138,0.08808986552035816
1306,0.0085,9999999999,0.001,200,-4.32571428571427,-0.036768571428571296,-5.513057646265597e-10,-0.0011824107142857127,0.012049017305837226
1307,0.0085,9999999999,0.001,200,-2.5657142857142787,-0.02180857142857137,-5.514453394837165e-10,0.0002337499999999988,0.028425178019983288
1308,0.0085,9999999999,0.001,200,-4.565714285714279,-0.03880857142857137,-5.516937143408842e-10,-0.000265625,0.01092580301973492
1309,0.0085,9999999999,0.001,200,-5.708571428571446,-0.04852285714285729,-5.520042606266295e-10,-0.00015178571428571753,0.0013253565908527346
1310,0.0085,9999999999,0.001,200,-4.280000000000001,-0.03638000000000001,-5.522370926266528e-10,0.00018973214285714502,0.013809731590620052
1311,0.0085,9999999999,0.001,200,-13.18285714285713,-0.11205428571428562,-5.529542400552959e-10,-0.0011824107142857127,-0.06323669698152556
1312,0.0085,9999999999,0.001,200,-12.708571428571446,-0.1080228571428573,-5.536455863410794e-10,6.299107142856752e-05,-0.05795986662507431
1313,0.0085,9999999999,0.001,200,-17.42285714285714,-0.1480942857142857,-5.545933897697456e-10,-0.0006261160714285688,-0.09872040234030767
1314,0.0085,9999999999,0.001,200,-22.56571428571428,-0.19180857142857138,-5.558209646270112e-10,-0.0006830357142857138,-0.14249160769867808
1315,0.0085,9999999999,0.001,200,-19.994285714285724,-0.16995142857142867,-5.569086537699772e-10,0.000341517857142855,-0.11960991127119448
1316,0.0085,9999999999,0.001,200,-21.994285714285724,-0.18695142857142866,-5.58105142912954e-10,-0.000265625,-0.13721705412953378
1317,0.0085,9999999999,0.001,200,-21.994285714285724,-0.18695142857142866,-5.593016320559308e-10,0.0,-0.13695142913073027
1318,0.0085,9999999999,0.001,200,-26.28,-0.22338000000000002,-5.607312640560736e-10,-0.0005691964285714275,-0.17394919698930272
1319,0.0085,9999999999,0.001,200,-27.42285714285714,-0.2330942857142857,-5.622230674847943e-10,-0.00015178571428571376,-0.18324607199079446
1320,0.0085,9999999999,0.001,200,-28.56571428571428,-0.24280857142857137,-5.637770423420926e-10,-0.00015178571428571376,-0.1929603577066341
1321,0.0085,9999999999,0.001,200,-36.32571428571427,-0.30876857142857134,-5.65753161199433e-10,-0.0010306249999999988,-0.2597991969943245
1322,0.0085,9999999999,0.001,200,-29.42285714285714,-0.2500942857142857,-5.673537646281645e-10,0.0009167857142857126,-0.19917750056735378
1323,0.0085,9999999999,0.001,200,-35.13714285714286,-0.29866571428571437,-5.692652251997842e-10,-0.0007589285714285727,-0.2494246434264082
1324,0.0085,9999999999,0.001,200,-35.13714285714286,-0.29866571428571437,-5.71176685771404e-10,0.0,-0.24866571485689104
1325,0.0085,9999999999,0.001,200,-37.42285714285714,-0.3180942857142857,-5.732124892001791e-10,-0.0003035714285714275,-0.2683978577160696
1326,0.0085,9999999999,0.001,200,-38.56571428571428,-0.3278085714285714,-5.753104640575317e-10,-0.00015178571428571376,-0.27796035771816757
1327,0.0085,9999999999,0.001,200,-38.28,-0.32538000000000006,-5.773928960577399e-10,3.79464285714275e-05,-0.27534205414882157
1328,0.0085,9999999999,0.001,200,-41.708571428571446,-0.3545228571428573,-5.796618423436811e-10,-0.00045535714285714504,-0.3049782148653763
1329,0.0085,9999999999,0.001,200,-39.13714285714286,-0.33266571428571434,-5.817909029153226e-10,0.0003415178571428588,-0.2823241970103624
1330,0.0085,9999999999,0.001,200,-42.708571428571446,-0.3630228571428573,-5.841142492012692e-10,-0.0004743303571428588,-0.3134971880841144
1331,0.0085,9999999999,0.001,200,-44.56571428571428,-0.3788085714285714,-5.865386240586545e-10,-0.0002466517857142825,-0.3290552238008243
1332,0.0085,9999999999,0.001,200,-52.56571428571428,-0.4468085714285714,-5.893981989160833e-10,-0.0010625,-0.3978710720179696
1333,0.0085,9999999999,0.001,200,-47.13714285714286,-0.40066571428571435,-5.919624594877683e-10,0.0007209821428571413,-0.3499447327348197
1334,0.0085,9999999999,0.001,200,-48.42285714285714,-0.41159428571428575,-5.945966629166031e-10,-0.0001707589285714275,-0.36176504523745384
1335,0.0085,9999999999,0.001,200,-47.708571428571446,-0.4055228571428573,-5.971920092025769e-10,9.486607142856874e-05,-0.35542799166862077
1336,0.0085,9999999999,0.001,200,-44.28,-0.37638000000000005,-5.996008412028179e-10,0.00045535714285714504,-0.32592464345674377
1337,0.0085,9999999999,0.001,200,-48.56571428571428,-0.4128085714285714,-6.022428160602249e-10,-0.0005691964285714275,-0.3633777684593857
1338,0.0085,9999999999,0.001,200,-48.851428571428585,-0.415237142857143,-6.049003337747763e-10,-3.794642857143127e-05,-0.3652750898906148
1339,0.0085,9999999999,0.001,200,-49.99428571428572,-0.4249514285714287,-6.076200229179055e-10,-0.00015178571428571376,-0.3751032148933344
1340,0.0085,9999999999,0.001,200,-48.611428571428576,-0.41319714285714293,-6.102644846324557e-10,0.00018366071428571498,-0.36301348275312173
1341,0.0085,9999999999,0.001,200,-47.851428571428585,-0.406737142857143,-6.128676023470017e-10,0.0001009374999999988,-0.3566362059700106
1342,0.0085,9999999999,0.001,200,-48.56571428571428,-0.4128085714285714,-6.155095772044088e-10,-9.486607142856874e-05,-0.36290343811550957
1343,0.0085,9999999999,0.001,200,-50.56571428571428,-0.4298085714285714,-6.182603520618267e-10,-0.000265625,-0.3800741970468317
1344,0.0085,9999999999,0.001,200,-49.13714285714286,-0.41766571428571436,-6.209334126335226e-10,0.00018973214285714126,-0.3674759827637906
1345,0.0085,9999999999,0.001,200,-50.28,-0.42738000000000004,-6.236686446337961e-10,-0.00015178571428571376,-0.3775317863379544
1346,0.0085,9999999999,0.001,200,-52.851428571428585,-0.449237142857143,-6.265437623483695e-10,-0.0003415178571428588,-0.39957866134082964
1347,0.0085,9999999999,0.001,200,-47.28,-0.40188,-6.291157943486266e-10,0.0007399553571428588,-0.35114004527197296
1348,0.0085,9999999999,0.001,200,-49.42285714285714,-0.4200942857142857,-6.31804397777467e-10,-0.00028459821428571374,-0.3703788845603758
1349,0.0085,9999999999,0.001,200,-54.56571428571428,-0.4638085714285714,-6.347727726349066e-10,-0.0006830357142857138,-0.41449160777762994
1350,0.0085,9999999999,0.001,200,-51.13714285714286,-0.4346657142857144,-6.375546332066135e-10,0.00045535714285714136,-0.38421035778041185
1351,0.0085,9999999999,0.001,200,-51.708571428571446,-0.4395228571428573,-6.40367579492609e-10,-7.589285714285876e-05,-0.3895987506403678
1352,0.0085,9999999999,0.001,200,-58.28,-0.49538000000000004,-6.435380114929261e-10,-0.000872767857142855,-0.4462527685006809
1353,0.0085,9999999999,0.001,200,-51.13714285714286,-0.4346657142857144,-6.463198720646329e-10,0.0009486607142857138,-0.38371705421774854
1354,0.0085,9999999999,0.001,200,-51.42285714285714,-0.4370942857142857,-6.49117275493484e-10,-3.79464285714275e-05,-0.3871322327919744
1355,0.0085,9999999999,0.001,200,-52.56571428571428,-0.4468085714285714,-6.519768503509129e-10,-0.00015178571428571376,-0.39696035779483396
1356,0.0085,9999999999,0.001,200,-49.42285714285714,-0.4200942857142857,-6.546654537797532e-10,0.00041741071428571375,-0.36967687565466545
1357,0.0085,9999999999,0.001,200,-49.99428571428572,-0.4249514285714287,-6.573851429228823e-10,-7.589285714285876e-05,-0.37502732208595674
1358,0.0085,9999999999,0.001,200,-45.99428571428572,-0.39095142857142867,-6.598872320659897e-10,0.00053125,-0.34042017923131596
1359,0.0085,9999999999,0.001,200,-46.56571428571428,-0.3958085714285714,-6.624204069233858e-10,-7.5892857142855e-05,-0.3458844649481347
1360,0.0085,9999999999,0.001,200,-46.851428571428585,-0.398237142857143,-6.649691246379265e-10,-3.794642857143127e-05,-0.34827508995068357
1361,0.0085,9999999999,0.001,200,-44.851428571428585,-0.381237142857143,-6.674090423524561e-10,0.000265625,-0.33097151852455203
1362,0.0085,9999999999,0.001,200,-42.851428571428585,-0.364237142857143,-6.697401600669749e-10,0.000265625,-0.31397151852688315
1363,0.0085,9999999999,0.001,200,-44.56571428571428,-0.3788085714285714,-6.721645349243602e-10,-0.00022767857142856875,-0.3290362506721645
1364,0.0085,9999999999,0.001,200,-42.28,-0.35938000000000003,-6.744645669245902e-10,0.0003035714285714275,-0.3090764292458932
1365,0.0085,9999999999,0.001,200,-41.13714285714286,-0.34966571428571436,-6.767024274962425e-10,0.00015178571428571376,-0.2995139292481311
1366,0.0085,9999999999,0.001,200,-39.13714285714286,-0.33266571428571434,-6.788314880678841e-10,0.000265625,-0.28240008996454585
1367,0.0085,9999999999,0.001,200,-40.56571428571428,-0.3448085714285714,-6.810382629252476e-10,-0.00018973214285714126,-0.29499830425246687
1368,0.0085,9999999999,0.001,200,-37.99428571428572,-0.32295142857142867,-6.831051520683114e-10,0.000341517857142855,-0.27260991139739094
1369,0.0085,9999999999,0.001,200,-33.13714285714286,-0.28166571428571435,-6.849078126399202e-10,0.0006450892857142863,-0.2310206256849079
1370,0.0085,9999999999,0.001,200,-38.56571428571428,-0.3278085714285714,-6.870057874972728e-10,-0.0007209821428571413,-0.27852955425843434
1371,0.0085,9999999999,0.001,200,-35.13714285714286,-0.29866571428571437,-6.889172480688927e-10,0.00045535714285714136,-0.24821035783177448
1372,0.0085,9999999999,0.001,200,-35.708571428571446,-0.3035228571428573,-6.908597943548011e-10,-7.589285714285876e-05,-0.25359875069086
1373,0.0085,9999999999,0.001,200,-24.42285714285714,-0.2075942857142857,-6.921883977835054e-10,0.0014988839285714315,-0.15609540247790266
1374,0.0085,9999999999,0.001,200,-31.42285714285714,-0.26709428571428573,-6.938978012122478e-10,-0.0009296875000000001,-0.21802397390818357
1375,0.0085,9999999999,0.001,200,-30.56571428571428,-0.2598085714285714,-6.955605760695569e-10,0.00011383928571428626,-0.20969473283841766
1376,0.0085,9999999999,0.001,200,-31.42285714285714,-0.26709428571428573,-6.972699794982993e-10,-0.00011383928571428626,-0.21720812569727
1377,0.0085,9999999999,0.001,200,-38.851428571428585,-0.330237142857143,-6.993834972127964e-10,-0.0009866071428571452,-0.28122375069938366
1378,0.0085,9999999999,0.001,200,-31.42285714285714,-0.26709428571428573,-7.010929006415388e-10,0.0009866071428571452,-0.2161076792725215
1379,0.0085,9999999999,0.001,200,-29.137142857142862,-0.24766571428571435,-7.026779612131259e-10,0.0003035714285714275,-0.1973621435598209
1380,0.0085,9999999999,0.001,200,-28.56571428571428,-0.24280857142857137,-7.042319360704241e-10,7.589285714285876e-05,-0.19273267927566046
1381,0.0085,9999999999,0.001,200,-40.56571428571428,-0.3448085714285714,-7.064387109277876e-10,-0.0015937500000000001,-0.2964023221350101
1382,0.0085,9999999999,0.001,200,-27.137142857142862,-0.23066571428571433,-7.079149714993638e-10,0.0017834821428571413,-0.17888223285077215
1383,0.0085,9999999999,0.001,200,-26.137142857142862,-0.22216571428571436,-7.093368320709345e-10,0.0001328125,-0.1720329024950512
1384,0.0085,9999999999,0.001,200,-20.56571428571428,-0.17480857142857137,-7.104556069281893e-10,0.0007399553571428588,-0.12406861678188412
1385,0.0085,9999999999,0.001,200,-24.28,-0.20638000000000004,-7.117764389283214e-10,-0.0004933035714285726,-0.15687330428320506
1386,0.0085,9999999999,0.001,200,-20.851428571428585,-0.17723714285714298,-7.129107566427206e-10,0.00045535714285714136,-0.12678178642719662
1387,0.0085,9999999999,0.001,200,-26.851428571428585,-0.228237142857143,-7.143714743571523e-10,-0.0007968750000000001,-0.17903401857151446
1388,0.0085,9999999999,0.001,200,-16.851428571428585,-0.14323714285714298,-7.152881920715296e-10,0.001328125,-0.09190901857243115
1389,0.0085,9999999999,0.001,200,-22.28,-0.18938000000000002,-7.165002240716509e-10,-0.0007209821428571413,-0.1401009828593574
1390,0.0085,9999999999,0.001,200,-16.851428571428585,-0.14323714285714298,-7.174169417860283e-10,0.0007209821428571413,-0.09251616143170276
1391,0.0085,9999999999,0.001,200,-17.137142857142862,-0.14566571428571434,-7.1834920235755e-10,-3.79464285714275e-05,-0.09570366143263499
1392,0.0085,9999999999,0.001,200,-11.137142857142862,-0.09466571428571434,-7.189550629290392e-10,0.0007968750000000001,-0.043868840004669396
1393,0.0085,9999999999,0.001,200,-13.42285714285714,-0.1140942857142857,-7.196852663576837e-10,-0.0003035714285714275,-0.0643978578625424
1394,0.0085,9999999999,0.001,200,-14.280000000000001,-0.12138000000000002,-7.204620983577613e-10,-0.00011383928571428626,-0.0714938400061764
1395,0.0085,9999999999,0.001,200,-13.137142857142862,-0.11166571428571434,-7.211767589292613e-10,0.00015178571428571376,-0.06151392929260538
1396,0.0085,9999999999,0.001,200,-13.137142857142862,-0.11166571428571434,-7.218914195007613e-10,0.0,-0.06166571500760576
1397,0.0085,9999999999,0.001,200,-12.42285714285714,-0.1055942857142857,-7.225672229294004e-10,9.486607142857251e-05,-0.05549942036542435
1398,0.0085,9999999999,0.001,200,-11.137142857142862,-0.09466571428571434,-7.231730835008896e-10,0.0001707589285714275,-0.04449495608031599
1399,0.0085,9999999999,0.001,200,-9.42285714285714,-0.0800942857142857,-7.236856869295122e-10,0.00022767857142857252,-0.029866607866542813
1400,0.0085,9999999999,0.001,200,-9.708571428571446,-0.0825228571428573,-7.242138332152793e-10,-3.794642857143127e-05,-0.03256080429564255
1401,0.0085,9999999999,0.001,200,-7.9942857142857235,-0.06795142857142865,-7.2464872235818e-10,0.00022767857142857252,-0.017723750724648796
1402,0.0085,9999999999,0.001,200,-11.708571428571446,-0.0995228571428573,-7.252856686439579e-10,-0.0004933035714285726,-0.050016161439571535
1403,0.0085,9999999999,0.001,200,-9.994285714285724,-0.08495142857142865,-7.258293577868695e-10,0.00022767857142857252,-0.034723750725829436
1404,0.0085,9999999999,0.001,200,-6.851428571428585,-0.05823714285714297,-7.262020755011924e-10,0.00041741071428571375,-0.007819732869059334
1405,0.0085,9999999999,0.001,200,-3.9942857142857235,-0.03395142857142865,-7.264193646440713e-10,0.00037946428571428636,0.016428034987866276
1406,0.0085,9999999999,0.001,200,-5.137142857142862,-0.043665714285714335,-7.266988252155278e-10,-0.00015178571428571376,0.006182499273301126
1407,0.0085,9999999999,0.001,200,-7.708571428571446,-0.0655228571428573,-7.27118171501284e-10,-0.0003415178571428588,-0.015864375727118324
1408,0.0085,9999999999,0.001,200,-6.565714285714279,-0.055808571428571374,-7.274753463584626e-10,0.00015178571428571753,-0.005656786441761
1409,0.0085,9999999999,0.001,200,-5.137142857142862,-0.043665714285714335,-7.27754806929919e-10,0.00018973214285714126,0.006524017129388
1410,0.0085,9999999999,0.001,200,1.4342857142857213,0.012191428571428633,-7.276767817870541e-10,0.0008727678571428588,0.0630641957008947
1411,0.0085,9999999999,0.001,200,-1.1371428571428623,-0.009665714285714331,-7.277386423584888e-10,-0.0003415178571428588,0.039992767129404166
1412,0.0085,9999999999,0.001,200,0.5771428571428601,0.004905714285714311,-7.277072457870572e-10,0.00022767857142857252,0.05513339212943564
1413,0.0085,9999999999,0.001,200,-1.42285714285714,-0.012094285714285691,-7.277846492156363e-10,-0.000265625,0.03764008855792966
1414,0.0085,9999999999,0.001,200,-1.9942857142857235,-0.016951428571428652,-7.278931383585043e-10,-7.589285714285876e-05,0.03297267784353536
1415,0.0085,9999999999,0.001,200,0.8628571428571377,0.007334285714285671,-7.278461989299282e-10,0.00037946428571428636,0.05771374927215376
1416,0.0085,9999999999,0.001,200,1.1485714285714153,0.00976285714285703,-7.277837166442077e-10,3.79464285714275e-05,0.059800802843644744
1417,0.0085,9999999999,0.001,200,0.5771428571428601,0.004905714285714311,-7.27752320072776e-10,-7.5892857142855e-05,0.05482982070081914
1418,0.0085,9999999999,0.001,200,3.4342857142857213,0.029191428571428632,-7.275654949299002e-10,0.00037946428571428636,0.07957089212957742
1419,0.0085,9999999999,0.001,200,4.291428571428554,0.036477142857142715,-7.27332041215591e-10,0.00011383928571428249,0.08659098141552496
1420,0.0085,9999999999,0.001,200,3.291428571428554,0.02797714285714271,-7.271529875012874e-10,-0.0001328125,0.07784432962998973
1421,0.0085,9999999999,0.001,200,4.0057142857142765,0.03404857142857135,-7.269350766441229e-10,9.486607142857251e-05,0.08414343677306485
1422,0.0085,9999999999,0.001,200,1.1485714285714153,0.00976285714285703,-7.268725943584023e-10,-0.00037946428571428636,0.05938339213027015
1423,0.0085,9999999999,0.001,200,6.57714285714286,0.055905714285714316,-7.265147977869379e-10,0.0007209821428571451,0.10662669570205666
1424,0.0085,9999999999,0.001,200,7.434285714285721,0.06319142857142863,-7.261103726440404e-10,0.00011383928571428626,0.11330526713103256
1425,0.0085,9999999999,0.001,200,15.148571428571415,0.12876285714285704,-7.252862903582435e-10,0.0010245535714285688,0.17978740998899934
1426,0.0085,9999999999,0.001,200,9.719999999999999,0.08262,-7.247575223581908e-10,-0.0007209821428571413,0.13189901713238533
1427,0.0085,9999999999,0.001,200,8.862857142857138,0.07533428571428567,-7.242753829295711e-10,-0.00011383928571428626,0.125220445704296
1428,0.0085,9999999999,0.001,200,9.434285714285721,0.08019142857142864,-7.237621577866627e-10,7.589285714285876e-05,0.13026732070480934
1429,0.0085,9999999999,0.001,200,-0.5657142857142787,-0.0048085714285713696,-7.237929326438087e-10,-0.001328125,0.0438633028476357
1430,0.0085,9999999999,0.001,200,10.862857142857138,0.09233428571428567,-7.232019932151782e-10,0.0015178571428571413,0.14385214213394082
1431,0.0085,9999999999,0.001,200,7.434285714285721,0.06319142857142863,-7.227975680722806e-10,-0.00045535714285714136,0.11273607070577392
1432,0.0085,9999999999,0.001,200,9.719999999999999,0.08262,-7.222688000722276e-10,0.0003035714285714275,0.13292357070630262
1433,0.0085,9999999999,0.001,200,11.434285714285721,0.09719142857142864,-7.216467749293083e-10,0.00022767857142857252,0.14741910642121042
1434,0.0085,9999999999,0.001,200,10.57714285714286,0.08990571428571431,-7.210713783578222e-10,-0.00011383928571428626,0.13979187427892864
1435,0.0085,9999999999,0.001,200,7.719999999999999,0.06562,-7.206514103577802e-10,-0.00037946428571428636,0.1152405349936343
1436,0.0085,9999999999,0.001,200,8.57714285714286,0.07290571428571431,-7.201848137863049e-10,0.00011383928571428626,0.12301955285124379
1437,0.0085,9999999999,0.001,200,5.719999999999999,0.04862,-7.198736457862738e-10,-0.00037946428571428636,0.09824053499441207
1438,0.0085,9999999999,0.001,200,11.148571428571415,0.09476285714285704,-7.192671635004989e-10,0.0007209821428571413,0.14548383856644703
1439,0.0085,9999999999,0.001,200,8.291428571428554,0.07047714285714271,-7.188161097861681e-10,-0.00037946428571428636,0.12009767785261233
1440,0.0085,9999999999,0.001,200,10.291428571428554,0.08747714285714271,-7.182562560718264e-10,0.000265625,0.13774276713888645
1441,0.0085,9999999999,0.001,200,11.434285714285721,0.09719142857142864,-7.17634230928907e-10,0.00015178571428571753,0.1473432135680801
1442,0.0085,9999999999,0.001,200,11.148571428571415,0.09476285714285704,-7.170277486431323e-10,-3.794642857143127e-05,0.14472490999725787
1443,0.0085,9999999999,0.001,200,7.719999999999999,0.06562,-7.166077806430901e-10,-0.00045535714285714136,0.11516464214053507
1444,0.0085,9999999999,0.001,200,13.148571428571415,0.11176285714285704,-7.158924983573043e-10,0.0007209821428571413,0.16248383856982168
1445,0.0085,9999999999,0.001,200,10.005714285714276,0.08504857142857136,-7.15348187500107e-10,-0.00041741071428571375,0.1346311599989375
1446,0.0085,9999999999,0.001,200,8.291428571428554,0.07047714285714271,-7.148971337857761e-10,-0.00022767857142857252,0.12024946357081702
1447,0.0085,9999999999,0.001,200,11.719999999999999,0.09962,-7.142595657857124e-10,0.00045535714285714504,0.1500753564285976
1448,0.0085,9999999999,0.001,200,6.0057142857142765,0.05104857142857135,-7.139328549285369e-10,-0.0007589285714285727,0.10028964214320993
1449,0.0085,9999999999,0.001,200,8.291428571428554,0.07047714285714271,-7.13481801214206e-10,0.0003035714285714275,0.12078071357223234
1450,0.0085,9999999999,0.001,200,7.57714285714286,0.06440571428571432,-7.130696046427362e-10,-9.486607142856874e-05,0.11431084750121615
1451,0.0085,9999999999,0.001,200,9.434285714285721,0.08019142857142864,-7.125563794998277e-10,0.0002466517857142863,0.13043807964458654
1452,0.0085,9999999999,0.001,200,7.719999999999999,0.06562,-7.121364114997858e-10,-0.00022767857142857252,0.11539232071643503
1453,0.0085,9999999999,0.001,200,7.719999999999999,0.06562,-7.117164434997437e-10,0.0,0.11561999928828355
1454,0.0085,9999999999,0.001,200,7.434285714285721,0.06319142857142863,-7.113120183568461e-10,-3.79464285714275e-05,0.11315348143154519
1455,0.0085,9999999999,0.001,200,7.434285714285721,0.06319142857142863,-7.109075932139485e-10,0.0,0.11319142786052104
1456,0.0085,9999999999,0.001,200,7.434285714285721,0.06319142857142863,-7.10503168071051e-10,0.0,0.11319142786092547
1457,0.0085,9999999999,0.001,200,6.862857142857138,0.05833428571428567,-7.101298286424422e-10,-7.589285714285876e-05,0.108258392147013
1458,0.0085,9999999999,0.001,200,7.148571428571415,0.060762857142857035,-7.09740946356689e-10,3.79464285714275e-05,0.11080080286168752
1459,0.0085,9999999999,0.001,200,10.291428571428554,0.08747714285714271,-7.091810926423473e-10,0.00041741071428571375,0.13789455286224733
1460,0.0085,9999999999,0.001,200,5.0057142857142765,0.04254857142857135,-7.089087817851773e-10,-0.0007020089285714275,0.09184656179109116
1461,0.0085,9999999999,0.001,200,9.434285714285721,0.08019142857142864,-7.083955566422689e-10,0.000588169642857145,0.13077959750589024
1462,0.0085,9999999999,0.001,200,0.005714285714276457,4.857142857134989e-05,-7.08395245785126e-10,-0.0012522321428571454,0.04879633857731896
1463,0.0085,9999999999,0.001,200,7.719999999999999,0.06562,-7.079752777850838e-10,0.0010245535714285727,0.1166445528634533
1464,0.0085,9999999999,0.001,200,7.434285714285721,0.06319142857142863,-7.075708526421863e-10,-3.79464285714275e-05,0.11315348143528636
1465,0.0085,9999999999,0.001,200,5.719999999999999,0.04862,-7.072596846421552e-10,-0.00022767857142857252,0.09839232072131174
1466,0.0085,9999999999,0.001,200,1.291428571428554,0.01097714285714271,-7.071894309278624e-10,-0.000588169642857145,0.060388972507096135
1467,0.0085,9999999999,0.001,200,2.8628571428571377,0.024334285714285673,-7.070336914992754e-10,0.00020870535714285877,0.07454299036439485
1468,0.0085,9999999999,0.001,200,7.148571428571415,0.060762857142857035,-7.066448092135222e-10,0.0005691964285714275,0.11133205286478365
1469,0.0085,9999999999,0.001,200,8.291428571428554,0.07047714285714271,-7.061937554991915e-10,0.00015178571428571376,0.12062892786523467
1470,0.0085,9999999999,0.001,200,8.005714285714276,0.06804857142857136,-7.057582446420051e-10,-3.79464285714275e-05,0.1180106242942417
1471,0.0085,9999999999,0.001,200,3.4342857142857213,0.029191428571428632,-7.055714194991292e-10,-0.000607142857142855,0.07858428500871437
1472,0.0085,9999999999,0.001,200,4.862857142857138,0.04133428571428567,-7.053068800705313e-10,0.00018973214285714126,0.09152401715183593
1473,0.0085,9999999999,0.001,200,1.1485714285714153,0.00976285714285703,-7.052443977848108e-10,-0.0004933035714285726,0.05926955286618406
1474,0.0085,9999999999,0.001,200,2.8628571428571377,0.024334285714285673,-7.050886583562238e-10,0.00022767857142857252,0.07456196358062558
1475,0.0085,9999999999,0.001,200,6.291428571428554,0.053477142857142716,-7.04746404641904e-10,0.00045535714285714136,0.10393249929525344
1476,0.0085,9999999999,0.001,200,3.1485714285714153,0.026762857142857033,-7.045751223561725e-10,-0.00041741071428571375,0.0763454457239962
1477,0.0085,9999999999,0.001,200,2.291428571428554,0.01947714285714271,-7.044504686418743e-10,-0.00011383928571428626,0.06936330286697795
1478,0.0085,9999999999,0.001,200,2.57714285714286,0.021905714285714313,-7.043102720704317e-10,3.794642857143127e-05,0.07194366000997547
1479,0.0085,9999999999,0.001,200,3.719999999999999,0.031619999999999995,-7.041079040704115e-10,0.00015178571428571376,0.08177178501017782
1480,0.0085,9999999999,0.001,200,3.4342857142857213,0.029191428571428632,-7.039210789275356e-10,-3.79464285714275e-05,0.07915348143893614
1481,0.0085,9999999999,0.001,200,-8.280000000000001,-0.07038000000000001,-7.043715109275806e-10,-0.0015558035714285726,-0.021935804275800094
1482,0.0085,9999999999,0.001,200,1.4342857142857213,0.012191428571428633,-7.042934857847156e-10,0.0012901785714285725,0.06348160643856372
1483,0.0085,9999999999,0.001,200,-2.8514285714285847,-0.02423714285714297,-7.044486034990169e-10,-0.0005691964285714313,0.025193660009836995
1484,0.0085,9999999999,0.001,200,-1.1371428571428623,-0.009665714285714331,-7.045104640704516e-10,0.00022767857142857252,0.04056196358120378
1485,0.0085,9999999999,0.001,200,6.0057142857142765,0.05104857142857135,-7.04183753213276e-10,0.0009486607142857138,0.10199723143867331
1486,0.0085,9999999999,0.001,200,-2.8514285714285847,-0.02423714285714297,-7.043388709275773e-10,-0.0011763392857142864,0.024586517152803872
1487,0.0085,9999999999,0.001,200,-2.280000000000001,-0.019380000000000012,-7.044629029275897e-10,7.589285714285876e-05,0.030695892152679947
1488,0.0085,9999999999,0.001,200,-4.565714285714279,-0.03880857142857137,-7.047112777847574e-10,-0.0003035714285714275,0.010887856438145924
1489,0.0085,9999999999,0.001,200,-2.8514285714285847,-0.02423714285714297,-7.048663954990587e-10,0.00022767857142856875,0.025990535009419207
1490,0.0085,9999999999,0.001,200,1.8628571428571377,0.015834285714285672,-7.047650560704771e-10,0.0006261160714285727,0.0664604010809492
1491,0.0085,9999999999,0.001,200,0.5771428571428601,0.004905714285714311,-7.047336594990454e-10,-0.0001707589285714275,0.054734954652409226
1492,0.0085,9999999999,0.001,200,-0.5657142857142787,-0.0048085714285713696,-7.047644343561914e-10,-0.00015178571428571376,0.04503964215237848
1493,0.0085,9999999999,0.001,200,-5.137142857142862,-0.043665714285714335,-7.050438949276478e-10,-0.0006071428571428588,0.005727142152098907
1494,0.0085,9999999999,0.001,200,-5.137142857142862,-0.043665714285714335,-7.053233554991044e-10,0.0,0.006334285008962312
1495,0.0085,9999999999,0.001,200,-5.137142857142862,-0.043665714285714335,-7.056028160705609e-10,0.0,0.006334285008682848
1496,0.0085,9999999999,0.001,200,-4.851428571428585,-0.04123714285714297,-7.058667337848731e-10,3.79464285714275e-05,0.008800802865561723
1497,0.0085,9999999999,0.001,200,-2.280000000000001,-0.019380000000000012,-7.059907657848855e-10,0.0003415178571428588,0.030961517151152085
1498,0.0085,9999999999,0.001,200,0.005714285714276457,4.857142857134989e-05,-7.059904549277426e-10,0.0003035714285714275,0.05035214215115232
1499,0.0085,9999999999,0.001,200,-4.280000000000001,-0.03638000000000001,-7.062232869277658e-10,-0.0005691964285714275,0.013050802865205276
1500,0.0085,9999999999,0.001,200,-3.1371428571428623,-0.02666571428571433,-7.063939474992115e-10,0.00015178571428571376,0.02348607072217744
1501,0.0085,9999999999,0.001,200,-4.565714285714279,-0.03880857142857137,-7.066423223563792e-10,-0.00018973214285714126,0.011001695721929168
1502,0.0085,9999999999,0.001,200,-4.565714285714279,-0.03880857142857137,-7.068906972135469e-10,0.0,0.011191427864537931
1503,0.0085,9999999999,0.001,200,-1.9942857142857235,-0.016951428571428652,-7.069991863564149e-10,0.000341517857142855,0.03339008857871502
1504,0.0085,9999999999,0.001,200,-5.42285714285714,-0.04609428571428569,-7.072941897850159e-10,-0.00045535714285714136,0.003450356435562983
1505,0.0085,9999999999,0.001,200,-3.9942857142857235,-0.03395142857142865,-7.075114789278948e-10,0.00018973214285714126,0.01623830286391701
1506,0.0085,9999999999,0.001,200,-7.708571428571446,-0.0655228571428573,-7.079308252136509e-10,-0.0004933035714285726,-0.016016161422216693
1507,0.0085,9999999999,0.001,200,-13.851428571428585,-0.11773714285714298,-7.08684342928012e-10,-0.0008158482142857138,-0.06855299178011304
1508,0.0085,9999999999,0.001,200,-7.9942857142857235,-0.06795142857142865,-7.091192320709126e-10,0.0007779017857142863,-0.0171735274948336
1509,0.0085,9999999999,0.001,200,-10.851428571428585,-0.09223714285714298,-7.097095497852574e-10,-0.00037946428571428636,-0.04261660785256681
1510,0.0085,9999999999,0.001,200,-8.280000000000001,-0.07038000000000001,-7.101599817853024e-10,0.0003415178571428588,-0.02003848285301714
1511,0.0085,9999999999,0.001,200,-8.280000000000001,-0.07038000000000001,-7.106104137853474e-10,0.0,-0.020380000710610427
1512,0.0085,9999999999,0.001,200,-3.1371428571428623,-0.02666571428571433,-7.107810743567931e-10,0.0006830357142857138,0.02401732071779031
1513,0.0085,9999999999,0.001,200,-6.851428571428585,-0.05823714285714297,-7.11153792071116e-10,-0.0004933035714285726,-0.00873044713972533
1514,0.0085,9999999999,0.001,200,-11.994285714285724,-0.10195142857142865,-7.118062812140383e-10,-0.0006830357142857138,-0.05263446499752064
1515,0.0085,9999999999,0.001,200,-14.42285714285714,-0.1225942857142857,-7.125908846426883e-10,-0.00032254464285714135,-0.07291683106973372
1516,0.0085,9999999999,0.001,200,-10.280000000000001,-0.08738000000000001,-7.131501166427443e-10,0.0005502232142857138,-0.036829777498864416
1517,0.0085,9999999999,0.001,200,-9.42285714285714,-0.0800942857142857,-7.136627200713669e-10,0.00011383928571428626,-0.029980447142234135
1518,0.0085,9999999999,0.001,200,-9.42285714285714,-0.0800942857142857,-7.141753234999896e-10,0.0,-0.03009428642846103
1519,0.0085,9999999999,0.001,200,-9.851428571428585,-0.08373714285714298,-7.147112412143289e-10,-5.691964285714502e-05,-0.03379406321471136
1520,0.0085,9999999999,0.001,200,-11.708571428571446,-0.0995228571428573,-7.153481875001069e-10,-0.0002466517857142863,-0.04976950964391977
1521,0.0085,9999999999,0.001,200,-15.708571428571446,-0.1335228571428573,-7.162027337859066e-10,-0.00053125,-0.08405410785906005
1522,0.0085,9999999999,0.001,200,-9.708571428571446,-0.0825228571428573,-7.167308800716737e-10,0.0007968750000000001,-0.03172598285958818
1523,0.0085,9999999999,0.001,200,-14.851428571428585,-0.126237142857143,-7.175387977860402e-10,-0.0006830357142857138,-0.07692017928896751
1524,0.0085,9999999999,0.001,200,-13.42285714285714,-0.1140942857142857,-7.182690012146847e-10,0.00018973214285714502,-0.06390455428969756
1525,0.0085,9999999999,0.001,200,-12.565714285714279,-0.10680857142857138,-7.189525760718959e-10,0.00011383928571428626,-0.05669473286180966
1526,0.0085,9999999999,0.001,200,-12.280000000000001,-0.10438000000000001,-7.196206080719627e-10,3.79464285714275e-05,-0.0543420542910492
1527,0.0085,9999999999,0.001,200,-10.851428571428585,-0.09223714285714298,-7.202109257863074e-10,0.00018973214285714126,-0.042047411434496765
1528,0.0085,9999999999,0.001,200,-14.280000000000001,-0.12138000000000002,-7.20987757786385e-10,-0.00045535714285714136,-0.07183535786384491
1529,0.0085,9999999999,0.001,200,-14.851428571428585,-0.126237142857143,-7.217956755007516e-10,-7.589285714285876e-05,-0.07631303643608152
1530,0.0085,9999999999,0.001,200,-18.56571428571428,-0.15780857142857138,-7.228056503579954e-10,-0.0004933035714285688,-0.1083018757228056
1531,0.0085,9999999999,0.001,200,-21.994285714285724,-0.18695142857142866,-7.240021395009722e-10,-0.00045535714285714504,-0.1374067864382879
1532,0.0085,9999999999,0.001,200,-14.565714285714279,-0.12380857142857138,-7.247945143581943e-10,0.0009866071428571452,-0.07282196501050875
1533,0.0085,9999999999,0.001,200,-11.708571428571446,-0.0995228571428573,-7.254314606439722e-10,0.0003794642857142825,-0.04914339358257448
1534,0.0085,9999999999,0.001,200,-10.851428571428585,-0.09223714285714298,-7.26021778358317e-10,0.00011383928571428626,-0.04212330429745047
1535,0.0085,9999999999,0.001,200,-6.565714285714279,-0.055808571428571374,-7.263789532154955e-10,0.0005691964285714313,-0.005239375726378892
1536,0.0085,9999999999,0.001,200,-8.280000000000001,-0.07038000000000001,-7.268293852155405e-10,-0.00022767857142857252,-0.020607679298257964
1537,0.0085,9999999999,0.001,200,-3.1371428571428623,-0.02666571428571433,-7.270000457869862e-10,0.0006830357142857138,0.024017320701571337
1538,0.0085,9999999999,0.001,200,-3.708571428571446,-0.03152285714285729,-7.272017920727206e-10,-7.589285714285876e-05,0.018401249272798063
1539,0.0085,9999999999,0.001,200,-4.851428571428585,-0.04123714285714297,-7.274657097870328e-10,-0.00015178571428571376,0.008611070701105603
1540,0.0085,9999999999,0.001,200,-5.851428571428585,-0.04973714285714297,-7.277840275013503e-10,-0.0001328125,0.00013004391507299984
1541,0.0085,9999999999,0.001,200,-5.9942857142857235,-0.050951428571428654,-7.281101166442401e-10,-1.897321428571375e-05,-0.0009704025138244782
1542,0.0085,9999999999,0.001,200,-2.8514285714285847,-0.02423714285714297,-7.282652343585413e-10,0.00041741071428571375,0.026180267128877513
1543,0.0085,9999999999,0.001,200,0.005714285714276457,4.857142857134989e-05,-7.282649235013985e-10,0.00037946428571428636,0.05042803498602071
1544,0.0085,9999999999,0.001,200,3.57714285714286,0.030405714285714314,-7.280703269299502e-10,0.0004743303571428588,0.08088004391478684
1545,0.0085,9999999999,0.001,200,-5.708571428571446,-0.04852285714285729,-7.283808732156957e-10,-0.0012332589285714314,0.0002438832001904062
1546,0.0085,9999999999,0.001,200,-1.708571428571446,-0.014522857142857292,-7.284738195014192e-10,0.00053125,0.036008392128668895
1547,0.0085,9999999999,0.001,200,-3.708571428571446,-0.03152285714285729,-7.286755657871538e-10,-0.000265625,0.01821151712846715
1548,0.0085,9999999999,0.001,200,0.8628571428571377,0.007334285714285671,-7.286286263585775e-10,0.0006071428571428588,0.0579414278427999
1549,0.0085,9999999999,0.001,200,-3.708571428571446,-0.03152285714285729,-7.288303726443121e-10,-0.0006071428571428588,0.01786999927116948
1550,0.0085,9999999999,0.001,200,1.1485714285714153,0.00976285714285703,-7.287678903585915e-10,0.0006450892857142863,0.06040794569980343
1551,0.0085,9999999999,0.001,200,1.7199999999999989,0.01461999999999999,-7.286743223585822e-10,7.589285714285876e-05,0.06469589212846853
1552,0.0085,9999999999,0.001,200,-0.8514285714285847,-0.0072371428571429705,-7.287206400728725e-10,-0.0003415178571428588,0.04242133855699353
1553,0.0085,9999999999,0.001,200,-2.280000000000001,-0.019380000000000012,-7.28844672072885e-10,-0.00018973214285714126,0.030430267128298178
1554,0.0085,9999999999,0.001,200,-1.1371428571428623,-0.009665714285714331,-7.289065326443197e-10,0.00015178571428571376,0.04048607069966485
1555,0.0085,9999999999,0.001,200,1.0057142857142765,0.00854857142857135,-7.288518217871713e-10,0.00028459821428571374,0.058833168914005245
1556,0.0085,9999999999,0.001,200,3.57714285714286,0.030405714285714314,-7.286572252157233e-10,0.0003415178571428588,0.08074723141419995
1557,0.0085,9999999999,0.001,200,-1.1371428571428623,-0.009665714285714331,-7.287190857871581e-10,-0.0006261160714285727,0.03970816891413802
1558,0.0085,9999999999,0.001,200,-1.42285714285714,-0.012094285714285691,-7.287964892157373e-10,-3.79464285714275e-05,0.0378677671283464
1559,0.0085,9999999999,0.001,200,-1.708571428571446,-0.014522857142857292,-7.288894355014608e-10,-3.794642857143127e-05,0.03543919569968185
1560,0.0085,9999999999,0.001,200,-1.42285714285714,-0.012094285714285691,-7.289668389300401e-10,3.794642857143127e-05,0.0379436599853189
1561,0.0085,9999999999,0.001,200,-3.5657142857142787,-0.030308571428571372,-7.291608137872024e-10,-0.00028459821428571374,0.0194068296279821
1562,0.0085,9999999999,0.001,200,-4.851428571428585,-0.04123714285714297,-7.294247315015145e-10,-0.00017075892857143127,0.008592097484860874
1563,0.0085,9999999999,0.001,200,-2.5657142857142787,-0.02180857142857137,-7.295643063586713e-10,0.00030357142857143137,0.028494999270435757
1564,0.0085,9999999999,0.001,200,-3.9942857142857235,-0.03395142857142865,-7.297815955015502e-10,-0.00018973214285714502,0.015858838555932606
1565,0.0085,9999999999,0.001,200,-1.9942857142857235,-0.016951428571428652,-7.298900846444182e-10,0.000265625,0.03331419569868126
1566,0.0085,9999999999,0.001,200,-7.708571428571446,-0.0655228571428573,-7.303094309301745e-10,-0.0007589285714285727,-0.016281786444595298
1567,0.0085,9999999999,0.001,200,-2.5657142857142787,-0.02180857142857137,-7.304490057873312e-10,0.0006830357142857176,0.028874463555265344
1568,0.0085,9999999999,0.001,200,-9.994285714285724,-0.08495142857142865,-7.309926949302426e-10,-0.0009866071428571452,-0.03593803644527849
1569,0.0085,9999999999,0.001,200,-8.280000000000001,-0.07038000000000001,-7.314431269302877e-10,0.00022767857142857252,-0.02015232216001457
1570,0.0085,9999999999,0.001,200,-5.42285714285714,-0.04609428571428569,-7.317381303588886e-10,0.00037946428571428636,0.004285177839690471
1571,0.0085,9999999999,0.001,200,-6.280000000000001,-0.05338000000000001,-7.320797623589228e-10,-0.00011383928571428626,-0.003493840017794056
1572,0.0085,9999999999,0.001,200,-7.565714285714279,-0.06430857142857137,-7.324913372161069e-10,-0.0001707589285714275,-0.014479331089634118
1573,0.0085,9999999999,0.001,200,-12.565714285714279,-0.10680857142857138,-7.33174912073318e-10,-0.0006640625,-0.05747263466174629
1574,0.0085,9999999999,0.001,200,-16.28,-0.13838000000000003,-7.340605440734066e-10,-0.0004933035714285726,-0.08887330430548913
1575,0.0085,9999999999,0.001,200,-10.851428571428585,-0.09223714285714298,-7.346508617877513e-10,0.0007209821428571413,-0.0415161614489367
1576,0.0085,9999999999,0.001,200,-10.851428571428585,-0.09223714285714298,-7.35241179502096e-10,0.0,-0.042237143592384147
1577,0.0085,9999999999,0.001,200,-8.280000000000001,-0.07038000000000001,-7.35691611502141e-10,0.0003415178571428588,-0.020038482878548758
1578,0.0085,9999999999,0.001,200,-4.9942857142857235,-0.042451428571428654,-7.359633006450253e-10,0.0004363839285714275,0.007984954621179478
1579,0.0085,9999999999,0.001,200,-12.851428571428585,-0.10923714285714298,-7.36662418359381e-10,-0.0010435267857142863,-0.060280670379519674
1580,0.0085,9999999999,0.001,200,-18.56571428571428,-0.15780857142857138,-7.376723932166248e-10,-0.0007589285714285688,-0.10856750073767234
1581,0.0085,9999999999,0.001,200,-14.280000000000001,-0.12138000000000002,-7.384492252167024e-10,0.0005691964285714275,-0.07081080430987781
1582,0.0085,9999999999,0.001,200,-22.28,-0.18938000000000002,-7.396612572168237e-10,-0.0010625,-0.14044250073966125
1583,0.0085,9999999999,0.001,200,-16.42285714285714,-0.1395942857142857,-7.405546606454845e-10,0.0007779017857142863,-0.08881638466912607
1584,0.0085,9999999999,0.001,200,-13.994285714285724,-0.11895142857142865,-7.413159497884177e-10,0.00032254464285714135,-0.06862888466988747
1585,0.0085,9999999999,0.001,200,-13.42285714285714,-0.1140942857142857,-7.420461532170622e-10,7.589285714285876e-05,-0.06401839359918898
1586,0.0085,9999999999,0.001,200,-24.28,-0.20638000000000004,-7.433669852171942e-10,-0.0014419642857142864,-0.1578219650290813
1587,0.0085,9999999999,0.001,200,-12.851428571428585,-0.10923714285714298,-7.440661029315497e-10,0.0015178571428571413,-0.057719286458351934
1588,0.0085,9999999999,0.001,200,-17.708571428571446,-0.1505228571428573,-7.450294492173604e-10,-0.0006450892857142863,-0.10116794717360102
1589,0.0085,9999999999,0.001,200,-14.851428571428585,-0.126237142857143,-7.458373669317269e-10,0.00037946428571428636,-0.07585767931726607
1590,0.0085,9999999999,0.001,200,-25.137142857142862,-0.21366571428571435,-7.472048275032922e-10,-0.0013660714285714276,-0.16503178646149058
1591,0.0085,9999999999,0.001,200,-21.137142857142862,-0.17966571428571435,-7.483546880748358e-10,0.00053125,-0.129134465034069
1592,0.0085,9999999999,0.001,200,-16.851428571428585,-0.14323714285714298,-7.492714057892131e-10,0.0005691964285714275,-0.09266794717784295
1593,0.0085,9999999999,0.001,200,-16.28,-0.13838000000000003,-7.501570377893017e-10,7.589285714285876e-05,-0.08830410789301422
1594,0.0085,9999999999,0.001,200,-15.42285714285714,-0.1310942857142857,-7.50996041217957e-10,0.00011383928571428626,-0.08098044717956744
1595,0.0085,9999999999,0.001,200,-23.42285714285714,-0.1990942857142857,-7.522702446466558e-10,-0.0010625,-0.15015678646655595
1596,0.0085,9999999999,0.001,200,-18.56571428571428,-0.15780857142857138,-7.532802195038996e-10,0.0006450892857142863,-0.10716348289613732
1597,0.0085,9999999999,0.001,200,-22.851428571428585,-0.194237142857143,-7.545233372183096e-10,-0.0005691964285714313,-0.14480634004023774
1598,0.0085,9999999999,0.001,200,-19.137142857142862,-0.16266571428571433,-7.555643977898423e-10,0.0004933035714285726,-0.11217241146985014
1599,0.0085,9999999999,0.001,200,-20.28,-0.17238000000000003,-7.566676297899526e-10,-0.00015178571428571376,-0.12253178647095335
1600,0.0085,9999999999,0.001,200,-17.708571428571446,-0.1505228571428573,-7.576309760757632e-10,0.000341517857142855,-0.10018134004334543
1601,0.0085,9999999999,0.001,200,-17.994285714285724,-0.15295142857142865,-7.586098652187182e-10,-3.79464285714275e-05,-0.10298937575860996
1602,0.0085,9999999999,0.001,200,-18.56571428571428,-0.15780857142857138,-7.596198400759621e-10,-7.5892857142855e-05,-0.10788446504533407
1603,0.0085,9999999999,0.001,200,-20.56571428571428,-0.17480857142857137,-7.607386149332169e-10,-0.000265625,-0.12507419718930995
1604,0.0085,9999999999,0.001,200,-19.708571428571446,-0.1675228571428573,-7.618107612190384e-10,0.00011383928571428249,-0.11740901861895377
1605,0.0085,9999999999,0.001,200,-21.42285714285714,-0.1820942857142857,-7.629761646477264e-10,-0.00022767857142856875,-0.13232196504869043
1606,0.0085,9999999999,0.001,200,-19.137142857142862,-0.16266571428571433,-7.640172252192591e-10,0.0003035714285714275,-0.11236214362116013
1607,0.0085,9999999999,0.001,200,-18.56571428571428,-0.15780857142857138,-7.650272000765029e-10,7.589285714285876e-05,-0.10773267933645574
1608,0.0085,9999999999,0.001,200,-11.708571428571446,-0.0995228571428573,-7.656641463622808e-10,0.0009107142857142827,-0.048612143622807164
1609,0.0085,9999999999,0.001,200,-12.280000000000001,-0.10438000000000001,-7.663321783623477e-10,-7.5892857142855e-05,-0.05445589362347504
1610,0.0085,9999999999,0.001,200,-21.851428571428585,-0.185737142857143,-7.675208960767523e-10,-0.0012712053571428588,-0.13700834898180675
1611,0.0085,9999999999,0.001,200,-18.851428571428585,-0.160237142857143,-7.685464137911406e-10,0.00039843750000000003,-0.10983870612568943
1612,0.0085,9999999999,0.001,200,-29.42285714285714,-0.2500942857142857,-7.70147017219872e-10,-0.001404017857142855,-0.20149830434157556
1613,0.0085,9999999999,0.001,200,-16.994285714285724,-0.14445142857142865,-7.710715063628217e-10,0.0016506696428571414,-0.092800759699643
1614,0.0085,9999999999,0.001,200,-15.708571428571446,-0.1335228571428573,-7.719260526486214e-10,0.0001707589285714275,-0.08335209898621192
1615,0.0085,9999999999,0.001,200,-16.28,-0.13838000000000003,-7.7281168464871e-10,-7.5892857142855e-05,-0.08845589362995455
1616,0.0085,9999999999,0.001,200,-20.851428571428585,-0.17723714285714298,-7.739460023631091e-10,-0.0006071428571428588,-0.12784428648823182
1617,0.0085,9999999999,0.001,200,-18.851428571428585,-0.160237142857143,-7.749715200774974e-10,0.000265625,-0.10997151863211453
1618,0.0085,9999999999,0.001,200,-17.994285714285724,-0.15295142857142865,-7.759504092204525e-10,0.00011383928571428626,-0.10283759006166478
1619,0.0085,9999999999,0.001,200,-15.994285714285724,-0.13595142857142867,-7.768204983633965e-10,0.000265625,-0.08568580434824917
1620,0.0085,9999999999,0.001,200,-13.994285714285724,-0.11895142857142865,-7.7758178750633e-10,0.000265625,-0.06868580434901043
1621,0.0085,9999999999,0.001,200,-13.42285714285714,-0.1140942857142857,-7.783119909349743e-10,7.589285714285876e-05,-0.06401839363545482
1622,0.0085,9999999999,0.001,200,-13.708571428571446,-0.1165228571428573,-7.790577372207633e-10,-3.794642857143127e-05,-0.06656080435048646
1623,0.0085,9999999999,0.001,200,-17.56571428571428,-0.14930857142857137,-7.800133120780016e-10,-0.0005122767857142825,-0.09982084899429895
1624,0.0085,9999999999,0.001,200,-15.137142857142862,-0.12866571428571433,-7.808367726495125e-10,0.00032254464285714135,-0.07834317042369397
1625,0.0085,9999999999,0.001,200,-19.42285714285714,-0.1650942857142857,-7.818933760781895e-10,-0.0005691964285714275,-0.1156634829247505
1626,0.0085,9999999999,0.001,200,-16.28,-0.13838000000000003,-7.827790080782782e-10,0.00041741071428571375,-0.08796259006849332
1627,0.0085,9999999999,0.001,200,-13.708571428571446,-0.1165228571428573,-7.835247543640669e-10,0.000341517857142855,-0.0661813400692392
1628,0.0085,9999999999,0.001,200,-14.708571428571446,-0.1250228571428573,-7.843249006498613e-10,-0.0001328125,-0.0751556704271822
1629,0.0085,9999999999,0.001,200,-15.42285714285714,-0.1310942857142857,-7.851639040785166e-10,-9.486607142856874e-05,-0.08118915257087815
1630,0.0085,9999999999,0.001,200,-12.280000000000001,-0.10438000000000001,-7.858319360785834e-10,0.00041741071428571375,-0.053962590071546246
1631,0.0085,9999999999,0.001,200,-16.851428571428585,-0.14323714285714298,-7.867486537929608e-10,-0.0006071428571428588,-0.0938442865010345
1632,0.0085,9999999999,0.001,200,-17.708571428571446,-0.1505228571428573,-7.877120000787714e-10,-0.00011383928571428626,-0.10063669721628359
1633,0.0085,9999999999,0.001,200,-15.565714285714279,-0.1323085714285714,-7.885587749359989e-10,0.00028459821428571754,-0.08202397400284443
1634,0.0085,9999999999,0.001,200,-9.708571428571446,-0.0825228571428573,-7.89086921221766e-10,0.0007779017857142827,-0.031744956146229936
1635,0.0085,9999999999,0.001,200,-15.708571428571446,-0.1335228571428573,-7.899414675075657e-10,-0.0007968750000000001,-0.08431973293279878
1636,0.0085,9999999999,0.001,200,-11.42285714285714,-0.0970942857142857,-7.905628709361994e-10,0.0005691964285714313,-0.04652509007627713
1637,0.0085,9999999999,0.001,200,-10.280000000000001,-0.08738000000000001,-7.911221029362553e-10,0.00015178571428571376,-0.03722821507683639
1638,0.0085,9999999999,0.001,200,-7.280000000000001,-0.06188000000000001,-7.915181349362949e-10,0.00039843750000000003,-0.011481563291518143
1639,0.0085,9999999999,0.001,200,-6.137142857142862,-0.052165714285714336,-7.918519955077569e-10,0.00015178571428571376,-0.0020139293632806116
1640,0.0085,9999999999,0.001,200,-8.565714285714279,-0.07280857142857138,-7.923179703649463e-10,-0.00032254464285714135,-0.023131116863746484
1641,0.0085,9999999999,0.001,200,-12.280000000000001,-0.10438000000000001,-7.929860023650131e-10,-0.0004933035714285726,-0.05487330436441458
1642,0.0085,9999999999,0.001,200,-11.42285714285714,-0.0970942857142857,-7.936074057936467e-10,0.00011383928571428626,-0.04698044722217881
1643,0.0085,9999999999,0.001,200,-6.280000000000001,-0.05338000000000001,-7.939490377936809e-10,0.0006830357142857138,-0.002696965079663334
1644,0.0085,9999999999,0.001,200,-7.42285714285714,-0.0630942857142857,-7.943528412222926e-10,-0.00015178571428571376,-0.01324607222292426
1645,0.0085,9999999999,0.001,200,-14.280000000000001,-0.12138000000000002,-7.951296732223703e-10,-0.0009107142857142863,-0.07229071508084398
1646,0.0085,9999999999,0.001,200,-3.708571428571446,-0.03152285714285729,-7.953314195081048e-10,0.001404017857142855,0.019881159918954148
1647,0.0085,9999999999,0.001,200,-10.565714285714279,-0.08980857142857138,-7.959061943653051e-10,-0.0009107142857142827,-0.04071928651019184
1648,0.0085,9999999999,0.001,200,-12.280000000000001,-0.10438000000000001,-7.965742263653721e-10,-0.00022767857142857252,-0.0546076793680028
1649,0.0085,9999999999,0.001,200,-6.9942857142857235,-0.059451428571428655,-7.969547155082672e-10,0.0007020089285714275,-0.008749420439811945
1650,0.0085,9999999999,0.001,200,-4.42285714285714,-0.03759428571428569,-7.971953189368626e-10,0.0003415178571428588,0.012747231345661851
1651,0.0085,9999999999,0.001,200,-5.42285714285714,-0.04609428571428569,-7.974903223654636e-10,-0.0001328125,0.0037729009882239845
1652,0.0085,9999999999,0.001,200,-1.9942857142857235,-0.016951428571428652,-7.975988115083316e-10,0.00045535714285714136,0.033503927773829684
1653,0.0085,9999999999,0.001,200,-16.28,-0.13838000000000003,-7.984844435084202e-10,-0.0018973214285714277,-0.09027732222705591
1654,0.0085,9999999999,0.001,200,-9.42285714285714,-0.0800942857142857,-7.989970469370429e-10,0.0009107142857142863,-0.029183572227568455
1655,0.0085,9999999999,0.001,200,-2.708571428571446,-0.023022857142857293,-7.99144393222772e-10,0.0008917410714285688,0.027868883129426886
1656,0.0085,9999999999,0.001,200,-2.5657142857142787,-0.02180857142857137,-7.992839680799287e-10,1.8973214285717523e-05,0.02821040098643038
1657,0.0085,9999999999,0.001,200,-1.42285714285714,-0.012094285714285691,-7.993613715085079e-10,0.00015178571428571376,0.03805749920063865
1658,0.0085,9999999999,0.001,200,-0.8514285714285847,-0.0072371428571429705,-7.994076892227982e-10,7.5892857142855e-05,0.0428387492005922
1659,0.0085,9999999999,0.001,200,-0.28000000000000114,-0.0023800000000000097,-7.994229212227998e-10,7.589285714285876e-05,0.04769589205771993
1660,0.0085,9999999999,0.001,200,-4.565714285714279,-0.03880857142857137,-7.996712960799674e-10,-0.0005691964285714275,0.010622231343185906
1661,0.0085,9999999999,0.001,200,-1.708571428571446,-0.014522857142857292,-7.997642423656911e-10,0.0003794642857142825,0.03585660634309275
1662,0.0085,9999999999,0.001,200,-1.1371428571428623,-0.009665714285714331,-7.998261029371257e-10,7.589285714285876e-05,0.040410177771602426
1663,0.0085,9999999999,0.001,200,0.005714285714276457,4.857142857134989e-05,-7.99825792079983e-10,0.00015178571428571376,0.05020035634303127
1664,0.0085,9999999999,0.001,200,10.005714285714276,0.08504857142857136,-7.992814812227856e-10,0.001328125,0.1363766956292899
1665,0.0085,9999999999,0.001,200,3.719999999999999,0.031619999999999995,-7.990791132227654e-10,-0.0008348214285714275,0.08078517777234945
1666,0.0085,9999999999,0.001,200,0.005714285714276457,4.857142857134989e-05,-7.990788023656224e-10,-0.0004933035714285726,0.04955526705806398
1667,0.0085,9999999999,0.001,200,0.29142857142855405,0.0024771428571427096,-7.990629486513352e-10,3.79464285714275e-05,0.05251508848665119
1668,0.0085,9999999999,0.001,200,8.005714285714276,0.06804857142857136,-7.986274377941488e-10,0.0010245535714285727,0.11907312420137249
1669,0.0085,9999999999,0.001,200,2.57714285714286,0.021905714285714313,-7.984872412227061e-10,-0.0007209821428571413,0.07118473134436994
1670,0.0085,9999999999,0.001,200,3.1485714285714153,0.026762857142857033,-7.983159589369748e-10,7.5892857142855e-05,0.07683874920168393
1671,0.0085,9999999999,0.001,200,1.1485714285714153,0.00976285714285703,-7.982534766512542e-10,-0.000265625,0.05949723134460355
1672,0.0085,9999999999,0.001,200,2.719999999999999,0.02311999999999999,-7.981055086512395e-10,0.00020870535714285877,0.07332870455903734
1673,0.0085,9999999999,0.001,200,6.57714285714286,0.055905714285714316,-7.977477120797751e-10,0.0005122767857142864,0.10641799027368089
1674,0.0085,9999999999,0.001,200,6.291428571428554,0.053477142857142716,-7.974054583654551e-10,-3.794642857143127e-05,0.10343919563116583
1675,0.0085,9999999999,0.001,200,1.8628571428571377,0.015834285714285672,-7.973041189368736e-10,-0.0005881696428571413,0.06524611527412441
1676,0.0085,9999999999,0.001,200,3.4342857142857213,0.029191428571428632,-7.971172937939977e-10,0.00020870535714285877,0.0794001331314542
1677,0.0085,9999999999,0.001,200,6.57714285714286,0.055905714285714316,-7.967594972225334e-10,0.00041741071428571375,0.10632312420324053
1678,0.0085,9999999999,0.001,200,1.4342857142857213,0.012191428571428633,-7.966814720796685e-10,-0.0006830357142857138,0.06150839206046145
1679,0.0085,9999999999,0.001,200,4.0057142857142765,0.03404857142857135,-7.964635612225038e-10,0.000341517857142855,0.08439008848925064
1680,0.0085,9999999999,0.001,200,6.862857142857138,0.05833428571428567,-7.960902217938949e-10,0.00037946428571428636,0.10871374920390975
1681,0.0085,9999999999,0.001,200,4.862857142857138,0.04133428571428567,-7.958256823652971e-10,-0.000265625,0.09106865991846
1682,0.0085,9999999999,0.001,200,5.148571428571415,0.043762857142857034,-7.955456000795548e-10,3.79464285714275e-05,0.09380080277588286
1683,0.0085,9999999999,0.001,200,10.862857142857138,0.09233428571428567,-7.949546606509243e-10,0.0007589285714285727,0.1430932134907596
1684,0.0085,9999999999,0.001,200,3.1485714285714153,0.026762857142857033,-7.947833783651928e-10,-0.0010245535714285727,0.07573830277664509
1685,0.0085,9999999999,0.001,200,14.434285714285721,0.12269142857142865,-7.939981532222571e-10,0.0014988839285714315,0.1741903117060019
1686,0.0085,9999999999,0.001,200,12.005714285714276,0.10204857142857136,-7.93345042365049e-10,-0.00032254464285714503,0.15172602599236917
1687,0.0085,9999999999,0.001,200,6.57714285714286,0.055905714285714316,-7.929872457935847e-10,-0.0007209821428571413,0.10518473134986993
1688,0.0085,9999999999,0.001,200,9.434285714285721,0.08019142857142864,-7.924740206506762e-10,0.00037946428571428636,0.1305708920646689
1689,0.0085,9999999999,0.001,200,6.57714285714286,0.055905714285714316,-7.921162240792119e-10,-0.00037946428571428636,0.10552624920788381
1690,0.0085,9999999999,0.001,200,10.862857142857138,0.09233428571428567,-7.915252846505813e-10,0.0005691964285714275,0.1429034813513318
1691,0.0085,9999999999,0.001,200,8.005714285714276,0.06804857142857136,-7.910897737933949e-10,-0.00037946428571428636,0.1176691063517673
1692,0.0085,9999999999,0.001,200,9.148571428571415,0.07776285714285704,-7.905920915076308e-10,0.00015178571428571376,0.12791464206655068
1693,0.0085,9999999999,0.001,200,2.57714285714286,0.021905714285714313,-7.904518949361882e-10,-0.000872767857142855,0.07103294563811957
1694,0.0085,9999999999,0.001,200,6.862857142857138,0.05833428571428567,-7.900785555075794e-10,0.0005691964285714275,0.10890348135277855
1695,0.0085,9999999999,0.001,200,8.291428571428554,0.07047714285714271,-7.896275017932486e-10,0.00018973214285714126,0.12066687421037235
1696,0.0085,9999999999,0.001,200,9.148571428571415,0.07776285714285704,-7.891298195074845e-10,0.00011383928571428626,0.1278766956394415
1697,0.0085,9999999999,0.001,200,9.719999999999999,0.08262,-7.886010515074316e-10,7.589285714285876e-05,0.13269589206854182
1698,0.0085,9999999999,0.001,200,11.719999999999999,0.09962,-7.879634835073678e-10,0.000265625,0.14988562421203652
1699,0.0085,9999999999,0.001,200,6.57714285714286,0.055905714285714316,-7.876056869359035e-10,-0.0006830357142857138,0.10522267778382291
1700,0.0085,9999999999,0.001,200,8.291428571428554,0.07047714285714271,-7.871546332215727e-10,0.00022767857142856875,0.12070482064141665
1701,0.0085,9999999999,0.001,200,7.434285714285721,0.06319142857142863,-7.86750208078675e-10,-0.00011383928571428249,0.11307758849896415
1702,0.0085,9999999999,0.001,200,11.148571428571415,0.09476285714285704,-7.861437257929003e-10,0.0004933035714285688,0.1452561599281419
1703,0.0085,9999999999,0.001,200,3.4342857142857213,0.029191428571428632,-7.859569006500244e-10,-0.0010245535714285688,0.07816687421404317
1704,0.0085,9999999999,0.001,200,7.148571428571415,0.060762857142857035,-7.855680183642711e-10,0.0004933035714285688,0.1112561599287176
1705,0.0085,9999999999,0.001,200,0.8628571428571377,0.007334285714285671,-7.855210789356951e-10,-0.0008348214285714275,0.056499463500193164
1706,0.0085,9999999999,0.001,200,7.434285714285721,0.06319142857142863,-7.851166537927974e-10,0.0008727678571428588,0.11406419564345484
1707,0.0085,9999999999,0.001,200,13.148571428571415,0.11176285714285704,-7.844013715070116e-10,0.0007589285714285688,0.16252178492988423
1708,0.0085,9999999999,0.001,200,6.0057142857142765,0.05104857142857135,-7.840746606498361e-10,-0.0009486607142857138,0.10009990993021098
1709,0.0085,9999999999,0.001,200,8.291428571428554,0.07047714285714271,-7.836236069355052e-10,0.0003035714285714275,0.12078071350209053
1710,0.0085,9999999999,0.001,200,-0.28000000000000114,-0.0023800000000000097,-7.836388389355067e-10,-0.001138392857142855,0.0464816063592183
1711,0.0085,9999999999,0.001,200,5.719999999999999,0.04862,-7.833276709354756e-10,0.0007968750000000001,0.09941687421667234
1712,0.0085,9999999999,0.001,200,2.8628571428571377,0.024334285714285673,-7.831719315068886e-10,-0.00037946428571428636,0.07395482064539946
1713,0.0085,9999999999,0.001,200,14.005714285714276,0.11904857142857136,-7.824100206496696e-10,0.001479910714285714,0.17052848136044707
1714,0.0085,9999999999,0.001,200,5.719999999999999,0.04862,-7.820988526496384e-10,-0.0011004464285714276,0.09751955278932972
1715,0.0085,9999999999,0.001,200,14.57714285714286,0.12390571428571431,-7.813058560781307e-10,0.0011763392857142864,0.17508205279012273
1716,0.0085,9999999999,0.001,200,10.57714285714286,0.08990571428571431,-7.807304595066446e-10,-0.00053125,0.13937446350498384
1717,0.0085,9999999999,0.001,200,11.148571428571415,0.09476285714285704,-7.801239772208696e-10,7.5892857142855e-05,0.1448387492198759
1718,0.0085,9999999999,0.001,200,10.291428571428554,0.08747714285714271,-7.79564123506528e-10,-0.00011383928571428626,0.13736330279186432
1719,0.0085,9999999999,0.001,200,16.291428571428554,0.13847714285714272,-7.786778697921537e-10,0.0007968750000000001,0.18927401707846486
1720,0.0085,9999999999,0.001,200,7.148571428571415,0.060762857142857035,-7.782889875064005e-10,-0.0012142857142857138,0.10954857065028234
1721,0.0085,9999999999,0.001,200,11.434285714285721,0.09719142857142864,-7.776669623634812e-10,0.0005691964285714313,0.1477606242223331
1722,0.0085,9999999999,0.001,200,11.719999999999999,0.09962,-7.770293943634174e-10,3.79464285714275e-05,0.14965794565154203
1723,0.0085,9999999999,0.001,200,12.57714285714286,0.10690571428571431,-7.763451977919204e-10,0.00011383928571428626,0.1570195527950834
1724,0.0085,9999999999,0.001,200,12.005714285714276,0.10204857142857136,-7.756920869347123e-10,-7.589285714285876e-05,0.15197267779573642
1725,0.0085,9999999999,0.001,200,16.291428571428554,0.13847714285714272,-7.74805833220338e-10,0.0005691964285714275,0.1890463385109083
1726,0.0085,9999999999,0.001,200,12.57714285714286,0.10690571428571431,-7.74121636648841e-10,-0.0004933035714285688,0.1564124099401641
1727,0.0085,9999999999,0.001,200,16.005714285714276,0.13604857142857135,-7.73250925791611e-10,0.00045535714285714136,0.18650392779817754
1728,0.0085,9999999999,0.001,200,13.434285714285721,0.11419142857142864,-7.725201006486808e-10,-0.000341517857142855,0.16384990994176568
1729,0.0085,9999999999,0.001,200,14.57714285714286,0.12390571428571431,-7.717271040771729e-10,0.00015178571428571376,0.17405749922827293
1730,0.0085,9999999999,0.001,200,12.005714285714276,0.10204857142857136,-7.710739932199647e-10,-0.0003415178571428588,0.1517070528003545
1731,0.0085,9999999999,0.001,200,10.862857142857138,0.09233428571428567,-7.704830537913343e-10,-0.00015178571428571376,0.14218249922951692
1732,0.0085,9999999999,0.001,200,12.434285714285721,0.10569142857142864,-7.698066286484096e-10,0.00020870535714285877,0.1559001331587649
1733,0.0085,9999999999,0.001,200,8.862857142857138,0.07533428571428567,-7.693244892197898e-10,-0.0004743303571428588,0.12485995458781833
1734,0.0085,9999999999,0.001,200,12.005714285714276,0.10204857142857136,-7.686713783625817e-10,0.00041741071428571375,0.1524659813741857
1735,0.0085,9999999999,0.001,200,6.57714285714286,0.055905714285714316,-7.683135817911175e-10,-0.0007209821428571413,0.1051847313745436
1736,0.0085,9999999999,0.001,200,4.57714285714286,0.038905714285714314,-7.68064585219664e-10,-0.000265625,0.08864008851764973
1737,0.0085,9999999999,0.001,200,4.0057142857142765,0.03404857142857135,-7.678466743624993e-10,-7.589285714285876e-05,0.08397267780358182
1738,0.0085,9999999999,0.001,200,6.862857142857138,0.05833428571428567,-7.674733349338905e-10,0.00037946428571428636,0.10871374923252664
1739,0.0085,9999999999,0.001,200,8.291428571428554,0.07047714285714271,-7.670222812195597e-10,0.00018973214285714126,0.12066687423297758
1740,0.0085,9999999999,0.001,200,12.291428571428554,0.10447714285714271,-7.66353627505207e-10,0.00053125,0.1550083920907891
1741,0.0085,9999999999,0.001,200,6.57714285714286,0.055905714285714316,-7.659958309337426e-10,-0.0007589285714285688,0.10514678494828991
1742,0.0085,9999999999,0.001,200,6.719999999999999,0.05712,-7.656302629337063e-10,1.897321428571375e-05,0.10713897244865545
1743,0.0085,9999999999,0.001,200,-1.1828571428571308,-0.010054285714285613,-7.65694610362284e-10,-0.0010495982142857125,0.038896115305734065
1744,0.0085,9999999999,0.001,200,5.148571428571415,0.043762857142857034,-7.654145280765417e-10,0.0008408928571428539,0.09460374923458537
1745,0.0085,9999999999,0.001,200,2.4342857142857213,0.02069142857142863,-7.652821029336713e-10,-0.00036049107142856874,0.07033093673471796
1746,0.0085,9999999999,0.001,200,-0.42285714285713993,-0.0035942857142856896,-7.65305106362245e-10,-0.00037946428571428636,0.04602624923469492
1747,0.0085,9999999999,0.001,200,-0.28000000000000114,-0.0023800000000000097,-7.653203383622466e-10,1.897321428571375e-05,0.04763897244896537
1748,0.0085,9999999999,0.001,200,1.4342857142857213,0.012191428571428633,-7.652423132193816e-10,0.00022767857142857252,0.06241910637761489
1749,0.0085,9999999999,0.001,200,2.57714285714286,0.021905714285714313,-7.65102116647939e-10,0.00015178571428571376,0.07205749923489792
1750,0.0085,9999999999,0.001,200,1.7199999999999989,0.01461999999999999,-7.650085486479295e-10,-0.00011383928571428626,0.06450615994927716
1751,0.0085,9999999999,0.001,200,-1.1371428571428623,-0.009665714285714331,-7.650704092193644e-10,-0.00037946428571428636,0.03995482066350098
1752,0.0085,9999999999,0.001,200,5.0057142857142765,0.04254857142857135,-7.647980983621943e-10,0.0008158482142857138,0.09336441887805896
1753,0.0085,9999999999,0.001,200,-10.280000000000001,-0.08738000000000001,-7.653573303622502e-10,-0.0020301339285714276,-0.039410134693928775
1754,0.0085,9999999999,0.001,200,-3.42285714285714,-0.02909428571428569,-7.655435337908403e-10,0.0009107142857142863,0.021816427805885063
1755,0.0085,9999999999,0.001,200,-3.1371428571428623,-0.02666571428571433,-7.657141943622859e-10,3.79464285714275e-05,0.023372231377142907
1756,0.0085,9999999999,0.001,200,-3.280000000000001,-0.027880000000000012,-7.658926263623037e-10,-1.897321428571375e-05,0.02210102601982165
1757,0.0085,9999999999,0.001,200,-3.708571428571446,-0.03152285714285729,-7.660943726480382e-10,-5.691964285714502e-05,0.018420222448191192
1758,0.0085,9999999999,0.001,200,-9.137142857142862,-0.07766571428571434,-7.665914332195165e-10,-0.0007209821428571413,-0.028386697195162902
1759,0.0085,9999999999,0.001,200,-7.42285714285714,-0.0630942857142857,-7.669952366481282e-10,0.00022767857142857252,-0.012866607909852362
1760,0.0085,9999999999,0.001,200,-7.851428571428585,-0.06673714285714298,-7.674223543624566e-10,-5.691964285714502e-05,-0.01679406326742247
1761,0.0085,9999999999,0.001,200,-4.565714285714279,-0.03880857142857137,-7.676707292196243e-10,0.0004363839285714314,0.011627811732329331
1762,0.0085,9999999999,0.001,200,-9.42285714285714,-0.0800942857142857,-7.68183332648247e-10,-0.0006450892857142863,-0.030739375768183322
1763,0.0085,9999999999,0.001,200,-7.42285714285714,-0.0630942857142857,-7.685871360768588e-10,0.000265625,-0.01282866148287283
1764,0.0085,9999999999,0.001,200,-13.565714285714279,-0.11530857142857137,-7.693251109340754e-10,-0.0008158482142857138,-0.0661244204121822
1765,0.0085,9999999999,0.001,200,-12.280000000000001,-0.10438000000000001,-7.699931429341423e-10,0.0001707589285714275,-0.05420924184142173
1766,0.0085,9999999999,0.001,200,-13.18285714285713,-0.11205428571428562,-7.707102903627854e-10,-0.00011991071428571255,-0.06217419719928162
1767,0.0085,9999999999,0.001,200,-14.280000000000001,-0.12138000000000002,-7.71487122362863e-10,-0.00014571428571428748,-0.07152571505720143
1768,0.0085,9999999999,0.001,200,-14.565714285714279,-0.12380857142857138,-7.722794972200851e-10,-3.79464285714275e-05,-0.07384651862942229
1769,0.0085,9999999999,0.001,200,-11.42285714285714,-0.0970942857142857,-7.729009006487186e-10,0.00041741071428571375,-0.04667687577290089
1770,0.0085,9999999999,0.001,200,-15.137142857142862,-0.12866571428571433,-7.737243612202296e-10,-0.0004933035714285726,-0.07915901863086726
1771,0.0085,9999999999,0.001,200,-14.851428571428585,-0.126237142857143,-7.745322789345962e-10,3.79464285714275e-05,-0.07619919720310382
1772,0.0085,9999999999,0.001,200,-13.468571428571437,-0.11448285714285722,-7.752649692203837e-10,0.00018366071428571498,-0.06429919720383646
1773,0.0085,9999999999,0.001,200,-10.565714285714279,-0.08980857142857138,-7.75839744077584e-10,0.00038553571428571635,-0.03942303649012539
1774,0.0085,9999999999,0.001,200,-17.18285714285713,-0.1460542857142856,-7.76774491506249e-10,-0.0008788392857142851,-0.09693312577677436
1775,0.0085,9999999999,0.001,200,-15.708571428571446,-0.1335228571428573,-7.776290377920488e-10,0.00019580357142856753,-0.08332705434905778
1776,0.0085,9999999999,0.001,200,-16.611428571428576,-0.1411971428571429,-7.785326995064248e-10,-0.00011991071428571255,-0.09131705434996133
1777,0.0085,9999999999,0.001,200,-18.28,-0.15538000000000002,-7.795271315065242e-10,-0.00022160714285714245,-0.10560160792238431
1778,0.0085,9999999999,0.001,200,-15.42285714285714,-0.1310942857142857,-7.803661349351796e-10,0.00037946428571428636,-0.08071482220893754
1779,0.0085,9999999999,0.001,200,-19.137142857142862,-0.16266571428571433,-7.814071955067122e-10,-0.0004933035714285726,-0.11315901863855009
1780,0.0085,9999999999,0.001,200,-20.039999999999992,-0.17033999999999994,-7.824973715068213e-10,-0.00011991071428571255,-0.12045991149678302
1781,0.0085,9999999999,0.001,200,-16.137142857142862,-0.13716571428571434,-7.833752320783377e-10,0.0005183482142857126,-0.08664736685480386
1782,0.0085,9999999999,0.001,200,-19.137142857142862,-0.16266571428571433,-7.844162926498704e-10,-0.00039843750000000003,-0.1130641525701306
1783,0.0085,9999999999,0.001,200,-11.137142857142862,-0.09466571428571434,-7.850221532213596e-10,0.0010625,-0.0436032150707365
1784,0.0085,9999999999,0.001,200,-17.708571428571446,-0.1505228571428573,-7.859854995071701e-10,-0.0008727678571428588,-0.10139562578598564
1785,0.0085,9999999999,0.001,200,-20.468571428571437,-0.17398285714285722,-7.870989897929957e-10,-0.00036656249999999883,-0.12434942042995621
1786,0.0085,9999999999,0.001,200,-18.56571428571428,-0.15780857142857138,-7.881089646502396e-10,0.00025272321428571634,-0.10755584900239464
1787,0.0085,9999999999,0.001,200,-20.18285714285713,-0.17155428571428563,-7.892069120789208e-10,-0.00021477678571428505,-0.12176906328920682
1788,0.0085,9999999999,0.001,200,-20.851428571428585,-0.17723714285714298,-7.9034122979332e-10,-8.879464285714622e-05,-0.1273259382903414
1789,0.0085,9999999999,0.001,200,-22.897142857142853,-0.19462571428571426,-7.915868343648732e-10,-0.0002716964285714263,-0.1448974115058725
1790,0.0085,9999999999,0.001,200,-18.56571428571428,-0.15780857142857138,-7.92596809222117e-10,0.0005752678571428576,-0.10723330436402535
1791,0.0085,9999999999,0.001,200,-33.18285714285713,-0.28205428571428565,-7.944019566508689e-10,-0.0019413392857142852,-0.23399562579440186
1792,0.0085,9999999999,0.001,200,-23.468571428571437,-0.19948285714285724,-7.956786469367108e-10,0.0012901785714285689,-0.14819267936710728
1793,0.0085,9999999999,0.001,200,-20.611428571428576,-0.1751971428571429,-7.967999086511086e-10,0.00037946428571428636,-0.12481767936822853
1794,0.0085,9999999999,0.001,200,-22.611428571428576,-0.1921971428571429,-7.980299703655174e-10,-0.000265625,-0.14246276865517288
1795,0.0085,9999999999,0.001,200,-29.32571428571427,-0.2492685714285713,-7.996252892228198e-10,-0.0008917410714285688,-0.2001603132996252
1796,0.0085,9999999999,0.001,200,-25.18285714285713,-0.2140542857142856,-8.009952366515282e-10,0.0005502232142857138,-0.16350406330099515
1797,0.0085,9999999999,0.001,200,-23.754285714285714,-0.20191142857142858,-8.022874697945146e-10,0.00018973214285714126,-0.15172169723085888
1798,0.0085,9999999999,0.001,200,-24.32571428571427,-0.2067685714285713,-8.036107886517898e-10,-7.5892857142855e-05,-0.15684446508932492
1799,0.0085,9999999999,0.001,200,-23.468571428571437,-0.19948285714285724,-8.048874789376317e-10,0.00011383928571428249,-0.14936901866203045
1800,0.0085,9999999999,0.001,200,-19.42285714285714,-0.1650942857142857,-8.059440823663088e-10,0.0005373214285714301,-0.11455696509165834
1801,0.0085,9999999999,0.001,200,-22.611428571428576,-0.1921971428571429,-8.071741440807176e-10,-0.00042348214285714385,-0.14262062580717416
1802,0.0085,9999999999,0.001,200,-26.039999999999992,-0.22133999999999995,-8.085907200808592e-10,-0.00045535714285714136,-0.1717953579514478
1803,0.0085,9999999999,0.001,200,-23.754285714285714,-0.20191142857142858,-8.098829532238456e-10,0.0003035714285714275,-0.15160785795274012
1804,0.0085,9999999999,0.001,200,-24.897142857142853,-0.21162571428571428,-8.112373577954095e-10,-0.00015178571428571376,-0.16177750081123732
1805,0.0085,9999999999,0.001,200,-24.611428571428576,-0.20919714285714291,-8.125762195098292e-10,3.79464285714275e-05,-0.1591591972411477
1806,0.0085,9999999999,0.001,200,-24.32571428571427,-0.2067685714285713,-8.138995383671044e-10,3.794642857143127e-05,-0.1567306258138994
1807,0.0085,9999999999,0.001,200,-21.42285714285714,-0.1820942857142857,-8.150649417957923e-10,0.00038553571428571256,-0.13170875081506495
1808,0.0085,9999999999,0.001,200,-23.897142857142853,-0.20312571428571427,-8.16364946367351e-10,-0.00032861607142857134,-0.15345433117350776
1809,0.0085,9999999999,0.001,200,-24.32571428571427,-0.2067685714285713,-8.176882652246261e-10,-5.6919642857141247e-05,-0.1568254918891167
1810,0.0085,9999999999,0.001,200,-25.18285714285713,-0.2140542857142856,-8.190582126533346e-10,-0.00011383928571428626,-0.1641681258190581
1811,0.0085,9999999999,0.001,200,-24.897142857142853,-0.21162571428571428,-8.204126172248985e-10,3.79464285714275e-05,-0.16158776867755548
1812,0.0085,9999999999,0.001,200,-24.611428571428576,-0.20919714285714291,-8.217514789393181e-10,3.79464285714275e-05,-0.15915919725032296
1813,0.0085,9999999999,0.001,200,-22.28,-0.18938000000000002,-8.229635109394394e-10,0.00030964285714285756,-0.13907035796582068
1814,0.0085,9999999999,0.001,200,-23.611428571428576,-0.2006971428571429,-8.242479726538536e-10,-0.00017683035714285758,-0.15087397403853375
1815,0.0085,9999999999,0.001,200,-25.468571428571437,-0.21648285714285723,-8.256334629397064e-10,-0.0002466517857142863,-0.16672950975420497
1816,0.0085,9999999999,0.001,200,-26.611428571428576,-0.2261971428571429,-8.270811246541369e-10,-0.00015178571428571376,-0.1763489293985097
1817,0.0085,9999999999,0.001,200,-26.897142857142853,-0.22862571428571427,-8.285443292257118e-10,-3.79464285714275e-05,-0.17866366154283003
1818,0.0085,9999999999,0.001,200,-26.039999999999992,-0.22133999999999995,-8.299609052258534e-10,0.00011383928571428626,-0.17122616154424658
1819,0.0085,9999999999,0.001,200,-27.18285714285713,-0.23105428571428563,-8.314396526545728e-10,-0.00015178571428571376,-0.18120607226001095
1820,0.0085,9999999999,0.001,200,-27.18285714285713,-0.23105428571428563,-8.329184000832921e-10,0.0,-0.181054286547204
1821,0.0085,9999999999,0.001,200,-21.468571428571437,-0.18248285714285722,-8.340862903691231e-10,0.0007589285714285688,-0.13172392940551497
1822,0.0085,9999999999,0.001,200,-23.994285714285724,-0.20395142857142867,-8.353915795121108e-10,-0.0003354464285714287,-0.1542868758353917
1823,0.0085,9999999999,0.001,200,-28.039999999999992,-0.23833999999999994,-8.369169555122634e-10,-0.0005373214285714263,-0.1888773222654883
1824,0.0085,9999999999,0.001,200,-29.42285714285714,-0.2500942857142857,-8.385175589409949e-10,-0.00018366071428571498,-0.20027794726708897
1825,0.0085,9999999999,0.001,200,-26.611428571428576,-0.2261971428571429,-8.399652206554253e-10,0.0003733928571428562,-0.17582375083996526
1826,0.0085,9999999999,0.001,200,-28.611428571428576,-0.24319714285714292,-8.415216823698667e-10,-0.000265625,-0.19346276869866458
1827,0.0085,9999999999,0.001,200,-29.18285714285713,-0.24805428571428562,-8.431092297985968e-10,-7.5892857142855e-05,-0.1981301794145377
1828,0.0085,9999999999,0.001,200,-31.468571428571437,-0.26748285714285724,-8.448211200844823e-10,-0.00030357142857143137,-0.21778642941624982
1829,0.0085,9999999999,0.001,200,-32.89714285714285,-0.27962571428571426,-8.466107246560899e-10,-0.00018973214285714126,-0.22981544727518216
1830,0.0085,9999999999,0.001,200,-32.32571428571427,-0.2747685714285713,-8.483692435134086e-10,7.589285714285876e-05,-0.2246926794197977
1831,0.0085,9999999999,0.001,200,-31.754285714285714,-0.2699114285714286,-8.500966766564384e-10,7.5892857142855e-05,-0.21983553656438237
1832,0.0085,9999999999,0.001,200,-40.89714285714285,-0.34762571428571426,-8.523214812280894e-10,-0.0012142857142857138,-0.2988400008523215
1833,0.0085,9999999999,0.001,200,-31.708571428571446,-0.2695228571428573,-8.540464275139763e-10,0.0012203571428571402,-0.21830250085404662
1834,0.0085,9999999999,0.001,200,-28.851428571428585,-0.245237142857143,-8.556159452284189e-10,0.00037946428571428636,-0.19485767942704463
1835,0.0085,9999999999,0.001,200,-34.89714285714285,-0.29662571428571427,-8.575143498000373e-10,-0.0008029464285714263,-0.24742866157180005
1836,0.0085,9999999999,0.001,200,-24.897142857142853,-0.21162571428571428,-8.588687543716012e-10,0.001328125,-0.160297590144583
1837,0.0085,9999999999,0.001,200,-38.03999999999999,-0.32333999999999996,-8.609381303718082e-10,-0.001745535714285714,-0.27508553657522383
1838,0.0085,9999999999,0.001,200,-39.18285714285713,-0.33305428571428564,-8.630696778005927e-10,-0.00015178571428571376,-0.283206072291641
1839,0.0085,9999999999,0.001,200,-39.18285714285713,-0.33305428571428564,-8.652012252293773e-10,0.0,-0.2830542865794869
1840,0.0085,9999999999,0.001,200,-38.28,-0.32538000000000006,-8.672836572295856e-10,0.00011991071428571255,-0.275260090152998
1841,0.0085,9999999999,0.001,200,-39.89714285714285,-0.33912571428571425,-8.694540618012312e-10,-0.00021477678571428505,-0.2893404919408826
1842,0.0085,9999999999,0.001,200,-39.754285714285714,-0.3379114285714286,-8.716166949443047e-10,1.897321428571375e-05,-0.28789245622875953
1843,0.0085,9999999999,0.001,200,-39.32571428571427,-0.3342685714285713,-8.737560138016614e-10,5.691964285714502e-05,-0.2842116526594702
1844,0.0085,9999999999,0.001,200,-41.18285714285713,-0.35005428571428565,-8.759963612304569e-10,-0.0002466517857142863,-0.30030093837599636
1845,0.0085,9999999999,0.001,200,-44.03999999999999,-0.37433999999999995,-8.783921372306963e-10,-0.00037946428571428636,-0.3247194651641064
1846,0.0085,9999999999,0.001,200,-39.42285714285714,-0.33509428571428573,-8.805367406594823e-10,0.0006132142857142851,-0.28448107230910824
1847,0.0085,9999999999,0.001,200,-42.611428571428576,-0.36219714285714294,-8.828548023739998e-10,-0.00042348214285714385,-0.3126206258828549
1848,0.0085,9999999999,0.001,200,-44.611428571428576,-0.3791971428571429,-8.852816640885283e-10,-0.000265625,-0.3294627687424246
1849,0.0085,9999999999,0.001,200,-45.46857142857144,-0.38648285714285724,-8.877551543744899e-10,-0.00011383928571428626,-0.3365966973163267
1850,0.0085,9999999999,0.001,200,-46.89714285714285,-0.3986257142857143,-8.903063589461736e-10,-0.00018973214285714126,-0.34881544731887787
1851,0.0085,9999999999,0.001,200,-46.03999999999999,-0.39133999999999997,-8.928109349464241e-10,0.00011383928571428626,-0.3412261616070966
1852,0.0085,9999999999,0.001,200,-48.611428571428576,-0.41319714285714293,-8.954553966609744e-10,-0.0003415178571428588,-0.3635386616097412
1853,0.0085,9999999999,0.001,200,-48.03999999999999,-0.40834,-8.980687726612358e-10,7.589285714285876e-05,-0.3582641080409259
1854,0.0085,9999999999,0.001,200,-49.03999999999999,-0.41684,-9.007365486615026e-10,-0.0001328125,-0.36697281340073656
1855,0.0085,9999999999,0.001,200,-41.56571428571428,-0.3533085714285714,-9.029977235188716e-10,0.0009926785714285714,-0.30231589376014056
1856,0.0085,9999999999,0.001,200,-48.32571428571427,-0.4107685714285713,-9.056266423762772e-10,-0.0008978124999999989,-0.36166638483419794
1857,0.0085,9999999999,0.001,200,-46.89714285714285,-0.3986257142857143,-9.08177846947961e-10,0.00018973214285714126,-0.348435983051035
1858,0.0085,9999999999,0.001,200,-54.89714285714285,-0.4666257142857143,-9.111642515196883e-10,-0.0010625,-0.4176882151968786
1859,0.0085,9999999999,0.001,200,-48.03999999999999,-0.40834,-9.137776275199497e-10,0.0009107142857142863,-0.35742928662806334
1860,0.0085,9999999999,0.001,200,-50.32571428571427,-0.42776857142857133,-9.165153463773664e-10,-0.0003035714285714275,-0.3780721437736581
1861,0.0085,9999999999,0.001,200,-48.611428571428576,-0.41319714285714293,-9.191598080919166e-10,0.00022767857142856875,-0.36296946520487416
1862,0.0085,9999999999,0.001,200,-46.611428571428576,-0.3961971428571429,-9.216954698064558e-10,0.000265625,-0.3459315187788384
1863,0.0085,9999999999,0.001,200,-41.99428571428572,-0.3569514285714287,-9.239799589495414e-10,0.0006132142857142851,-0.3063382152096944
1864,0.0085,9999999999,0.001,200,-47.46857142857144,-0.40348285714285725,-9.265622492355138e-10,-0.0007270535714285714,-0.3542099116408481
1865,0.0085,9999999999,0.001,200,-47.18285714285713,-0.40105428571428564,-9.29128996664342e-10,3.794642857143127e-05,-0.35101634021484324
1866,0.0085,9999999999,0.001,200,-46.56571428571428,-0.3958085714285714,-9.316621715217381e-10,8.196428571428505e-05,-0.3457266080745193
1867,0.0085,9999999999,0.001,200,-42.56571428571428,-0.36180857142857137,-9.339777463791124e-10,0.00053125,-0.3112773223625491
1868,0.0085,9999999999,0.001,200,-44.89714285714285,-0.3816257142857143,-9.364201509507852e-10,-0.00030964285714285756,-0.3319353580792773
1869,0.0085,9999999999,0.001,200,-40.32571428571427,-0.3427685714285713,-9.386138698081475e-10,0.0006071428571428588,-0.2921614295100423
1870,0.0085,9999999999,0.001,200,-43.99428571428572,-0.37395142857142866,-9.410071589512442e-10,-0.00048723214285714624,-0.32443866165529295
1871,0.0085,9999999999,0.001,200,-43.99428571428572,-0.37395142857142866,-9.434004480943405e-10,0.0,-0.32395142951482914
1872,0.0085,9999999999,0.001,200,-44.611428571428576,-0.3791971428571429,-9.45827309808869e-10,-8.196428571428505e-05,-0.3292791080886845
1873,0.0085,9999999999,0.001,200,-47.46857142857144,-0.40348285714285725,-9.484096000948413e-10,-0.00037946428571428636,-0.3538623223769811
1874,0.0085,9999999999,0.001,200,-42.03999999999999,-0.35733999999999994,-9.506965760950703e-10,0.0007209821428571451,-0.30661901880783937
1875,0.0085,9999999999,0.001,200,-40.89714285714285,-0.34762571428571426,-9.529213806667212e-10,0.00015178571428571376,-0.2974739295243499
1876,0.0085,9999999999,0.001,200,-39.99428571428572,-0.3399514285714287,-9.55097069809796e-10,0.00011991071428571255,-0.28983151881224006
1877,0.0085,9999999999,0.001,200,-42.42285714285714,-0.3605942857142857,-9.574048732385982e-10,-0.00032254464285714135,-0.3109168313145477
1878,0.0085,9999999999,0.001,200,-40.46857142857144,-0.34398285714285726,-9.596063635245327e-10,0.00025955357142857,-0.293723304531035
1879,0.0085,9999999999,0.001,200,-41.754285714285714,-0.3549114285714286,-9.61877796667617e-10,-0.0001707589285714275,-0.30508218846187785
1880,0.0085,9999999999,0.001,200,-38.32571428571427,-0.3257685714285713,-9.639627155249684e-10,0.00045535714285714504,-0.2753132152496769
1881,0.0085,9999999999,0.001,200,-38.32571428571427,-0.3257685714285713,-9.660476343823197e-10,0.0,-0.27576857239461894
1882,0.0085,9999999999,0.001,200,-40.754285714285714,-0.3464114285714286,-9.682646675253987e-10,-0.00032254464285714503,-0.29673397418255043
1883,0.0085,9999999999,0.001,200,-39.42285714285714,-0.33509428571428573,-9.704092709541845e-10,0.00017683035714285758,-0.28491745632755217
1884,0.0085,9999999999,0.001,200,-38.28,-0.32538000000000006,-9.724917029543928e-10,0.00015178571428571376,-0.27522821525820607
1885,0.0085,9999999999,0.001,200,-37.42285714285714,-0.3180942857142857,-9.745275063831679e-10,0.00011383928571428626,-0.26798044740309895
1886,0.0085,9999999999,0.001,200,-38.89714285714285,-0.3306257142857143,-9.76643510954808e-10,-0.00019580357142857133,-0.28082151883378637
1887,0.0085,9999999999,0.001,200,-41.611428571428576,-0.35369714285714293,-9.7890717266932e-10,-0.00036049107142857253,-0.30405763490747867
1888,0.0085,9999999999,0.001,200,-35.99428571428572,-0.30595142857142865,-9.80865261812373e-10,0.0007460267857142851,-0.25520540276657966
1889,0.0085,9999999999,0.001,200,-44.32571428571427,-0.37676857142857134,-9.83276580669757e-10,-0.001106517857142854,-0.32787509026899075
1890,0.0085,9999999999,0.001,200,-46.611428571428576,-0.3961971428571429,-9.858122423842962e-10,-0.00030357142857143137,-0.34650071527152665
1891,0.0085,9999999999,0.001,200,-49.18285714285713,-0.41805428571428566,-9.884877898131352e-10,-0.000341517857142855,-0.36839580455991633
1892,0.0085,9999999999,0.001,200,-49.56571428571428,-0.4213085714285714,-9.911841646705475e-10,-5.084821428571496e-05,-0.3713594206340413
1893,0.0085,9999999999,0.001,200,-54.32571428571427,-0.4617685714285713,-9.94139483527986e-10,-0.0006321874999999989,-0.4124007599227108
1894,0.0085,9999999999,0.001,200,-57.13714285714286,-0.48566571428571437,-9.972477440997254e-10,-0.00037339285714286,-0.436039108140105
1895,0.0085,9999999999,0.001,200,-58.611428571428576,-0.49819714285714295,-1.00043620581433e-09,-0.00019580357142857133,-0.4483929474290077
1896,0.0085,9999999999,0.001,200,-62.708571428571446,-0.5330228571428574,-1.0038475521003853e-09,-0.0005441517857142875,-0.48356700993241925
1897,0.0085,9999999999,0.001,200,-69.56571428571428,-0.5913085714285714,-1.0076319269579067e-09,-0.0009107142857142827,-0.5422192867219177
1898,0.0085,9999999999,0.001,200,-67.99428571428572,-0.5779514285714287,-1.0113308161011338e-09,0.000208705357142855,-0.5277427242256165
1899,0.0085,9999999999,0.001,200,-78.5657142857143,-0.6678085714285715,-1.015604790958704e-09,-0.001404017857142857,-0.6192125903013191
1900,0.0085,9999999999,0.001,200,-83.70857142857143,-0.7115228571428572,-1.0201585372448736e-09,-0.0006830357142857138,-0.6622058938773014
1901,0.0085,9999999999,0.001,200,-89.46857142857142,-0.7604828571428571,-1.0250256275310744e-09,-0.0007649999999999989,-0.7112478581678827
1902,0.0085,9999999999,0.001,200,-92.32571428571428,-0.7847685714285715,-1.0300481463887195e-09,-0.00037946428571428636,-0.7351480367443339
1903,0.0085,9999999999,0.001,200,-92.61142857142856,-0.7871971428571428,-1.035086208103509e-09,-3.79464285714275e-05,-0.7372350903208005
1904,0.0085,9999999999,0.001,200,-100.18285714285715,-0.8515542857142858,-1.0405361555326255e-09,-0.0010055803571428587,-0.8025598671119647
1905,0.0085,9999999999,0.001,200,-96.28,-0.8183800000000001,-1.0457737875331494e-09,0.0005183482142857145,-0.7678616528314881
1906,0.0085,9999999999,0.001,200,-109.18285714285715,-0.9280542857142858,-1.0517133349623148e-09,-0.0017136607142857147,-0.8797679474802849
1907,0.0085,9999999999,0.001,200,-112.28,-0.9543800000000001,-1.0578213669629256e-09,-0.0004113392857142856,-0.9047913403435357
1908,0.0085,9999999999,0.001,200,-115.46857142857142,-0.9814828571428572,-1.064102857249268e-09,-0.00042348214285714195,-0.9319063403498171
1909,0.0085,9999999999,0.001,200,-116.70857142857143,-0.9920228571428572,-1.0704518035356172e-09,-0.00016468750000000123,-0.942187545713309
1910,0.0085,9999999999,0.001,200,-119.70857142857143,-1.0175228571428572,-1.0769639498219827e-09,-0.00039843750000000003,-0.9679212957198209
1911,0.0085,9999999999,0.001,200,-118.5657142857143,-1.0078085714285716,-1.0834139246797706e-09,0.00015178571428571376,-0.9576567867976999
1912,0.0085,9999999999,0.001,200,-125.42285714285715,-1.0660942857142859,-1.0902369281090243e-09,-0.0009107142857142863,-1.0170050010902372
1913,0.0085,9999999999,0.001,200,-126.5657142857143,-1.0758085714285717,-1.0971221029668556e-09,-0.00015178571428571376,-1.0259603582399794
1914,0.0085,9999999999,0.001,200,-121.46857142857142,-1.0324828571428573,-1.1037299932532309e-09,0.0006769642857142875,-0.9818058939608729
1915,0.0085,9999999999,0.001,200,-129.70857142857142,-1.1025228571428571,-1.1107861395396506e-09,-0.0010943749999999994,-1.0536172332536433
1916,0.0085,9999999999,0.001,200,-131.75428571428571,-1.1199114285714287,-1.1179535726832248e-09,-0.00027169642857143006,-1.0701831261179535
1917,0.0085,9999999999,0.001,200,-131.99428571428572,-1.1219514285714287,-1.1251340618268e-09,-3.187500000000121e-05,-1.0719833046965626
1918,0.0085,9999999999,0.001,200,-134.46857142857144,-1.1429828571428573,-1.1324491521132458e-09,-0.00032861607142857134,-1.0933114743467351
1919,0.0085,9999999999,0.001,200,-133.75428571428571,-1.1369114285714286,-1.1397253852568302e-09,9.486607142857251e-05,-1.0868165636397253
1920,0.0085,9999999999,0.001,200,-132.85142857142858,-1.129237142857143,-1.1469525029718387e-09,0.00011991071428571255,-1.0791172332898098
1921,0.0085,9999999999,0.001,200,-136.28,-1.1583800000000002,-1.15436613497258e-09,-0.00045535714285714136,-1.1088353582972235
1922,0.0085,9999999999,0.001,200,-136.85142857142858,-1.163237142857143,-1.1618108526876103e-09,-7.589285714285876e-05,-1.1133130368760968
1923,0.0085,9999999999,0.001,200,-138.61142857142858,-1.178197142857143,-1.1693513144026501e-09,-0.0002337499999999988,-1.1284308940264942
1924,0.0085,9999999999,0.001,200,-140.3257142857143,-1.1927685714285716,-1.1769850332605564e-09,-0.00022767857142857252,-1.1429962511769851
1925,0.0085,9999999999,0.001,200,-142.04000000000002,-1.2073400000000003,-1.1847120092613292e-09,-0.00022767857142857252,-1.157567679756141
1926,0.0085,9999999999,0.001,200,-140.89714285714285,-1.1976257142857143,-1.1923768138335241e-09,0.00015178571428571753,-1.1474739297638055
1927,0.0085,9999999999,0.001,200,-143.24571428571429,-1.2175885714285715,-1.2001693806914464e-09,-0.00031191964285714335,-1.1679004922715979
1928,0.0085,9999999999,0.001,200,-140.85142857142858,-1.197237142857143,-1.2078316984064983e-09,0.0003179910714285697,-1.146919152993546
1929,0.0085,9999999999,0.001,200,-137.75428571428571,-1.1709114285714286,-1.2153255315501047e-09,0.00041133928571428756,-1.1205000905010398
1930,0.0085,9999999999,0.001,200,-139.70857142857142,-1.187522857142857,-1.222925677836579e-09,-0.00025955357142857,-1.1377824119372113
1931,0.0085,9999999999,0.001,200,-134.85142857142858,-1.146237142857143,-1.2302615955515984e-09,0.0006450892857142827,-1.0955920548016902
1932,0.0085,9999999999,0.001,200,-135.99428571428572,-1.1559514285714287,-1.2376596846951953e-09,-0.00015178571428571376,-1.106103215523374
1933,0.0085,9999999999,0.001,200,-142.28,-1.2093800000000001,-1.2453997166959694e-09,-0.0008348214285714275,-1.1602148226739712
1934,0.0085,9999999999,0.001,200,-142.04000000000002,-1.2073400000000003,-1.2531266926967421e-09,3.1874999999997434e-05,-1.157308126253127
1935,0.0085,9999999999,0.001,200,-142.3257142857143,-1.2097685714285715,-1.2608692115546595e-09,-3.79464285714275e-05,-1.159806519118012
1936,0.0085,9999999999,0.001,200,-141.75428571428571,-1.2049114285714286,-1.2685806446982876e-09,7.589285714285876e-05,-1.1548355369828662
1937,0.0085,9999999999,0.001,200,-143.18285714285713,-1.2170542857142856,-1.2763697921276379e-09,-0.00018973214285714126,-1.1672440191335127
1938,0.0085,9999999999,0.001,200,-140.85142857142858,-1.197237142857143,-1.28403210984269e-09,0.0003096428571428538,-1.1469275012840325
1939,0.0085,9999999999,0.001,200,-142.61142857142858,-1.212197142857143,-1.2917901715577514e-09,-0.0002337499999999988,-1.1624308941489332
1940,0.0085,9999999999,0.001,200,-143.46857142857144,-1.2194828571428573,-1.2995948618442461e-09,-0.00011383928571428626,-1.1695966977281664
1941,0.0085,9999999999,0.001,200,-141.75428571428571,-1.2049114285714286,-1.3073062949878742e-09,0.00022767857142857252,-1.1546837513073063
1942,0.0085,9999999999,0.001,200,-142.70857142857142,-1.2130228571428572,-1.315069641274365e-09,-0.00012674107142856994,-1.1631495995293553
1943,0.0085,9999999999,0.001,200,-143.04000000000002,-1.2158400000000003,-1.322851017275143e-09,-4.401785714286133e-05,-1.165884019179994
1944,0.0085,9999999999,0.001,200,-141.99428571428572,-1.2069514285714287,-1.3305755064187724e-09,0.00013888392857143008,-1.1568125459734326
1945,0.0085,9999999999,0.001,200,-150.3257142857143,-1.2777685714285716,-1.3387532252767332e-09,-0.0011065178571428576,-1.2288750906244676
1946,0.0085,9999999999,0.001,200,-144.04000000000002,-1.2243400000000002,-1.3465890012775167e-09,0.0008348214285714275,-1.1735051799180178
1947,0.0085,9999999999,0.001,200,-144.38857142857142,-1.2273028571428573,-1.3544437395640165e-09,-4.629464285713958e-05,-1.177349153140158
1948,0.0085,9999999999,0.001,200,-142.75428571428571,-1.2134114285714286,-1.3622095727076504e-09,0.00021705357142857087,-1.1631943763622097
1949,0.0085,9999999999,0.001,200,-143.46857142857144,-1.2194828571428573,-1.3700142629941451e-09,-9.486607142857251e-05,-1.1695777245843002
1950,0.0085,9999999999,0.001,200,-141.3257142857143,-1.2012685714285716,-1.3777023818520567e-09,0.00028459821428571374,-1.1509839745919883
1951,0.0085,9999999999,0.001,200,-140.04000000000002,-1.1903400000000002,-1.3853205578528184e-09,0.0001707589285714275,-1.1401692424567493
1952,0.0085,9999999999,0.001,200,-143.18285714285713,-1.2170542857142856,-1.3931097052821687e-09,-0.00041741071428571,-1.167471697821681
1953,0.0085,9999999999,0.001,200,-142.61142857142858,-1.212197142857143,-1.4008677669972303e-09,7.5892857142855e-05,-1.1621212514008679
1954,0.0085,9999999999,0.001,200,-143.46857142857144,-1.2194828571428573,-1.408672457283725e-09,-0.00011383928571428626,-1.169596697837244
1955,0.0085,9999999999,0.001,200,-143.46857142857144,-1.2194828571428573,-1.4164771475702196e-09,0.0,-1.1694828585593344
1956,0.0085,9999999999,0.001,200,-141.89714285714285,-1.2061257142857142,-1.42419635214242e-09,0.00020870535714285877,-1.1559170103527676
1957,0.0085,9999999999,0.001,200,-143.18285714285713,-1.2170542857142856,-1.4319854995717704e-09,-0.0001707589285714275,-1.1672250460748423
1958,0.0085,9999999999,0.001,200,-144.04000000000002,-1.2243400000000002,-1.439821275572554e-09,-0.00011383928571429004,-1.1744538407255358
1959,0.0085,9999999999,0.001,200,-142.89714285714285,-1.2146257142857144,-1.4475948801447603e-09,0.00015178571428571753,-1.1644739300190237
1960,0.0085,9999999999,0.001,200,-141.75428571428571,-1.2049114285714286,-1.4553063132883884e-09,0.00015178571428571376,-1.1547596443124493
1961,0.0085,9999999999,0.001,200,-142.61142857142858,-1.212197142857143,-1.4630643750034498e-09,-0.00011383928571428626,-1.1623109836059216
1962,0.0085,9999999999,0.001,200,-143.18285714285713,-1.2170542857142856,-1.4708535224328003e-09,-7.5892857142855e-05,-1.167130180042282
1963,0.0085,9999999999,0.001,200,-135.75428571428571,-1.1539114285714287,-1.4782385555763957e-09,0.0009866071428571413,-1.1029248229068103
1964,0.0085,9999999999,0.001,200,-141.75428571428571,-1.2049114285714286,-1.485949988720024e-09,-0.0007968750000000001,-1.1557083050573786
1965,0.0085,9999999999,0.001,200,-141.89714285714285,-1.2061257142857142,-1.4936691932922245e-09,-1.897321428571375e-05,-1.156144688993669
1966,0.0085,9999999999,0.001,200,-143.18285714285713,-1.2170542857142856,-1.501458340721575e-09,-0.0001707589285714275,-1.1672250461443152
1967,0.0085,9999999999,0.001,200,-142.04000000000002,-1.2073400000000003,-1.5091853167223478e-09,0.00015178571428571,-1.1571882157948998
1968,0.0085,9999999999,0.001,200,-140.61142857142858,-1.195197142857143,-1.5168345784373983e-09,0.00018973214285714502,-1.1450074122311205
1969,0.0085,9999999999,0.001,200,-140.04000000000002,-1.1903400000000002,-1.52445275443816e-09,7.5892857142855e-05,-1.14026410866731
1970,0.0085,9999999999,0.001,200,-144.89714285714285,-1.2316257142857143,-1.5323351590103769e-09,-0.0006450892857142827,-1.1822708051037638
1971,0.0085,9999999999,0.001,200,-136.61142857142858,-1.161197142857143,-1.5397668207254058e-09,0.0011004464285714276,-1.1100966979683384
1972,0.0085,9999999999,0.001,200,-138.89714285714285,-1.1806257142857144,-1.5473228252975899e-09,-0.0003035714285714275,-1.1309292872616086
1973,0.0085,9999999999,0.001,200,-142.3257142857143,-1.2097685714285715,-1.5550653441555073e-09,-0.00045535714285714504,-1.160223930126494
1974,0.0085,9999999999,0.001,200,-141.75428571428571,-1.2049114285714286,-1.5627767772991353e-09,7.589285714285876e-05,-1.1548355372770625
1975,0.0085,9999999999,0.001,200,-139.61142857142858,-1.186697142857143,-1.5703716390141805e-09,0.00028459821428571374,-1.1364125462132288
1976,0.0085,9999999999,0.001,200,-143.46857142857144,-1.2194828571428573,-1.578176329300675e-09,-0.0005122767857142864,-1.1699951355067477
1977,0.0085,9999999999,0.001,200,-145.18285714285713,-1.2340542857142858,-1.5860742767300363e-09,-0.00022767857142856875,-1.1842819658717887
1978,0.0085,9999999999,0.001,200,-144.89714285714285,-1.2316257142857143,-1.593956681302253e-09,3.79464285714275e-05,-1.1815877694510997
1979,0.0085,9999999999,0.001,200,-147.89714285714285,-1.2571257142857144,-1.6020022858744862e-09,-0.00039843750000000003,-1.2075241533877166
1980,0.0085,9999999999,0.001,200,-142.04000000000002,-1.2073400000000003,-1.6097292618752592e-09,0.0007779017857142827,-1.1565620998240151
1981,0.0085,9999999999,0.001,200,-140.75428571428571,-1.1964114285714287,-1.6173862950188821e-09,0.00017075892857143127,-1.1462406712602435
1982,0.0085,9999999999,0.001,200,-136.61142857142858,-1.161197142857143,-1.6248179567339108e-09,0.0005502232142857138,-1.1106469212676753
1983,0.0085,9999999999,0.001,200,-139.18285714285713,-1.1830542857142856,-1.6323895041632393e-09,-0.000341517857142855,-1.133395805203818
1984,0.0085,9999999999,0.001,200,-139.46857142857144,-1.1854828571428573,-1.6399765944497125e-09,-3.794642857143127e-05,-1.1355208052114052
1985,0.0085,9999999999,0.001,200,-132.89714285714285,-1.1296257142857142,-1.6472061990218639e-09,0.0008727678571428588,-1.0787529480757774
1986,0.0085,9999999999,0.001,200,-146.04000000000002,-1.2413400000000003,-1.6551507750226584e-09,-0.0017455357142857177,-1.1930855373694367
1987,0.0085,9999999999,0.001,200,-138.04000000000002,-1.1733400000000003,-1.6626601510234093e-09,0.0010625,-1.1222775016626605
1988,0.0085,9999999999,0.001,200,-136.61142857142858,-1.161197142857143,-1.670091812738438e-09,0.00018973214285714502,-1.1110074123843776
1989,0.0085,9999999999,0.001,200,-140.04000000000002,-1.1903400000000002,-1.6777099887391999e-09,-0.00045535714285714504,-1.1407953588205673
1990,0.0085,9999999999,0.001,200,-131.75428571428571,-1.1199114285714287,-1.6848774218827739e-09,0.0011004464285714313,-1.0688109838277347
1991,0.0085,9999999999,0.001,200,-138.89714285714285,-1.1806257142857144,-1.6924334264549581e-09,-0.0009486607142857138,-1.1315743766924335
1992,0.0085,9999999999,0.001,200,-138.46857142857144,-1.1769828571428573,-1.6999661167414255e-09,5.6919642857141247e-05,-1.1269259391999664
1993,0.0085,9999999999,0.001,200,-137.46857142857144,-1.1684828571428574,-1.7074444070278876e-09,0.0001328125,-1.1183500463503018
1994,0.0085,9999999999,0.001,200,-136.04000000000002,-1.1563400000000004,-1.7148449830286278e-09,0.00018973214285714126,-1.106150269571988
1995,0.0085,9999999999,0.001,200,-134.04000000000002,-1.1393400000000002,-1.722136759029357e-09,0.000265625,-1.089074376722137
1996,0.0085,9999999999,0.001,200,-137.46857142857144,-1.1684828571428574,-1.729615049315819e-09,-0.00045535714285714136,-1.1189382160153296
1997,0.0085,9999999999,0.001,200,-133.46857142857144,-1.1344828571428573,-1.7368757396022595e-09,0.00053125,-1.083951608879733
1998,0.0085,9999999999,0.001,200,-132.89714285714285,-1.1296257142857142,-1.744105344174411e-09,7.589285714285876e-05,-1.0795498231726766
1999,0.0085,9999999999,0.001,200,-130.89714285714285,-1.1126257142857143,-1.7512261487465519e-09,0.000265625,-1.0623600910369404
2000,0.0085,9999999999,0.001,200,-129.18285714285713,-1.0980542857142856,-1.758253696175826e-09,0.00022767857142857252,-1.0478266089011108
2001,0.0085,9999999999,0.001,200,-124.32571428571428,-1.0567685714285715,-1.7650170150336454e-09,0.0006450892857142844,-1.006123483907874
2002,0.0085,9999999999,0.001,200,-129.46857142857144,-1.1004828571428573,-1.7720601053200642e-09,-0.0006830357142857157,-1.051165894629203
2003,0.0085,9999999999,0.001,200,-126.32571428571428,-1.0737685714285714,-1.7789322241778942e-09,0.00041741071428571565,-1.023351162493218
2004,0.0085,9999999999,0.001,200,-125.75428571428571,-1.0689114285714287,-1.7857732573214355e-09,7.589285714285688e-05,-1.018835537500059
2005,0.0085,9999999999,0.001,200,-126.61142857142856,-1.0761971428571429,-1.79266091903641e-09,-0.00011383928571428438,-1.026310983935518
2006,0.0085,9999999999,0.001,200,-125.46857142857142,-1.066482857142857,-1.7994864093228068e-09,0.00015178571428571376,-1.0163310732280577
2007,0.0085,9999999999,0.001,200,-116.32571428571428,-0.9887685714285714,-1.8058145281805826e-09,0.0012142857142857138,-0.9375542875201002
2008,0.0085,9999999999,0.001,200,-120.89714285714285,-1.0276257142857144,-1.8123913327526688e-09,-0.0006071428571428569,-0.9782328589552485
2009,0.0085,9999999999,0.001,200,-119.46857142857142,-1.0154828571428571,-1.818890423039033e-09,0.00018973214285714318,-0.9652931268188902
2010,0.0085,9999999999,0.001,200,-118.61142857142856,-1.0081971428571428,-1.825342884753964e-09,0.00011383928571428626,-0.9580833053967714
2011,0.0085,9999999999,0.001,200,-115.18285714285715,-0.9790542857142858,-1.8316088321831619e-09,0.00045535714285714136,-0.9285989304030374
2012,0.0085,9999999999,0.001,200,-121.75428571428571,-1.0349114285714287,-1.8382322653266814e-09,-0.000872767857142857,-0.9857841982668039
2013,0.0085,9999999999,0.001,200,-115.46857142857142,-0.9814828571428572,-1.844513755613024e-09,0.0008348214285714295,-0.9306480375587995
2014,0.0085,9999999999,0.001,200,-114.03999999999999,-0.96934,-1.8507175316136445e-09,0.00018973214285714318,-0.9191502697078604
2015,0.0085,9999999999,0.001,200,-110.61142857142856,-0.9401971428571428,-1.856734793328532e-09,0.00045535714285714315,-0.8897417875710204
2016,0.0085,9999999999,0.001,200,-106.32571428571428,-0.9037685714285715,-1.8625189121862535e-09,0.0005691964285714275,-0.8531993768625189
2017,0.0085,9999999999,0.001,200,-109.75428571428571,-0.9329114285714286,-1.868489545329708e-09,-0.00045535714285714315,-0.8833667875827753
2018,0.0085,9999999999,0.001,200,-104.89714285714285,-0.8916257142857144,-1.874195949901707e-09,0.0006450892857142863,-0.840980626874196
2019,0.0085,9999999999,0.001,200,-97.28,-0.8268800000000001,-1.879487981902236e-09,0.0010116517857142852,-0.7758683500937738
2020,0.0085,9999999999,0.001,200,-102.03999999999999,-0.86734,-1.8850389579027914e-09,-0.0006321874999999989,-0.8179721893850389
2021,0.0085,9999999999,0.001,200,-101.46857142857142,-0.8624828571428571,-1.8905588481890574e-09,7.589285714285688e-05,-0.8124069661762731
2022,0.0085,9999999999,0.001,200,-98.32571428571428,-0.8357685714285715,-1.895907767046735e-09,0.00041741071428571375,-0.7853511626101936
2023,0.0085,9999999999,0.001,200,-93.42285714285715,-0.7940942857142859,-1.9009899704758147e-09,0.0006511607142857126,-0.74344312690099
2024,0.0085,9999999999,0.001,200,-91.18285714285715,-0.7750542857142858,-1.905950317904882e-09,0.0002975000000000012,-0.7247567876202361
2025,0.0085,9999999999,0.001,200,-90.32571428571428,-0.7677685714285715,-1.910864036762516e-09,0.00011383928571428626,-0.7176547340537212
2026,0.0085,9999999999,0.001,200,-87.75428571428571,-0.7459114285714287,-1.9156378699058503e-09,0.0003415178571428569,-0.6955699126299236
2027,0.0085,9999999999,0.001,200,-88.46857142857142,-0.7519828571428572,-1.920450560192046e-09,-9.486607142857063e-05,-0.7020777251347363
2028,0.0085,9999999999,0.001,200,-86.61142857142856,-0.7361971428571428,-1.925162221906803e-09,0.0002466517857142863,-0.6859504929965907
2029,0.0085,9999999999,0.001,200,-84.03999999999999,-0.71434,-1.92973399790726e-09,0.0003415178571428569,-0.6639984840725911
2030,0.0085,9999999999,0.001,200,-85.18285714285715,-0.7240542857142858,-1.934367945336295e-09,-0.00015178571428571568,-0.6742060733629395
2031,0.0085,9999999999,0.001,200,-78.03999999999999,-0.6633399999999999,-1.9386133213367194e-09,0.0009486607142857157,-0.6123913412243275
2032,0.0085,9999999999,0.001,200,-73.75428571428571,-0.6269114285714286,-1.942625554479978e-09,0.0005691964285714275,-0.5763422340854826
2033,0.0085,9999999999,0.001,200,-71.18285714285713,-0.6050542857142857,-1.9464979019089364e-09,0.0003415178571428588,-0.5547127698036406
2034,0.0085,9999999999,0.001,200,-68.03999999999999,-0.57834,-1.950199277909307e-09,0.00041741071428571375,-0.5279225912359135
2035,0.0085,9999999999,0.001,200,-65.32571428571427,-0.5552685714285713,-1.9537529967668053e-09,0.00036049107142857253,-0.5049080823108958
2036,0.0085,9999999999,0.001,200,-59.46857142857144,-0.5054828571428572,-1.956988087052843e-09,0.0007779017857142827,-0.45470495731413113
2037,0.0085,9999999999,0.001,200,-49.46857142857144,-0.42048285714285727,-1.9596791773388264e-09,0.001328125,-0.36915473410253646
2038,0.0085,9999999999,0.001,200,-48.03999999999999,-0.40834,-1.9622925533390877e-09,0.00018973214285714502,-0.3581502698194354
2039,0.0085,9999999999,0.001,200,-41.754285714285714,-0.3549114285714286,-1.9645639864821715e-09,0.0008348214285714275,-0.3040766091074212
2040,0.0085,9999999999,0.001,200,-40.03999999999999,-0.34034,-1.9667421624823896e-09,0.00022767857142857252,-0.29011232339531356
2041,0.0085,9999999999,0.001,200,-31.468571428571437,-0.26748285714285724,-1.968454052768275e-09,0.001138392857142855,-0.21634446625416848
2042,0.0085,9999999999,0.001,200,-33.03999999999999,-0.28084,-1.9702514287684545e-09,-0.000208705357142855,-0.23104870732739424
2043,0.0085,9999999999,0.001,200,-19.754285714285714,-0.16791142857142857,-1.971326061911419e-09,0.0017645089285714276,-0.1161469216141832
2044,0.0085,9999999999,0.001,200,-13.18285714285713,-0.11205428571428562,-1.9720432093400623e-09,0.0008727678571428588,-0.061181519829185974
2045,0.0085,9999999999,0.001,200,-16.32571428571427,-0.1387685714285713,-1.972931328197294e-09,-0.00041741071428571375,-0.08918598411578833
2046,0.0085,9999999999,0.001,200,0.24571428571428555,0.0020885714285714275,-1.97291796134015e-09,0.0022008928571428553,0.05428946231279633
2047,0.0085,9999999999,0.001,200,7.102857142857147,0.06037428571428575,-1.97253156591154e-09,0.0009107142857142863,0.11128499802746847
2048,0.0085,9999999999,0.001,200,15.67428571428573,0.13323142857142872,-1.9716788847685977e-09,0.0011383928571428589,0.18436981945689274
2049,0.0085,9999999999,0.001,200,24.531428571428563,0.2085171428571428,-1.9703443750541785e-09,0.0011763392857142825,0.2596934801725127
2050,0.0085,9999999999,0.001,200,26.531428571428563,0.2255171428571428,-1.9689010653397485e-09,0.000265625,0.27578276588824174
2051,0.0085,9999999999,0.001,200,35.10285714285715,0.29837428571428576,-1.966991469910986e-09,0.0011383928571428589,0.34951267660443713
2052,0.0085,9999999999,0.001,200,44.291428571428554,0.37647714285714273,-1.9645820161964595e-09,0.0012203571428571402,0.42769749803541784
2053,0.0085,9999999999,0.001,200,50.10285714285715,0.42587428571428576,-1.961856420767615e-09,0.00077183035714286,0.4766461141095722
2054,0.0085,9999999999,0.001,200,61.388571428571424,0.5218028571428571,-1.9585168824815668e-09,0.0014988839285714275,0.5733017391129117
2055,0.0085,9999999999,0.001,200,67.6742857142857,0.5752314285714285,-1.954835401338342e-09,0.0008348214285714275,0.6260662480451645
2056,0.0085,9999999999,0.001,200,68.24571428571431,0.5800885714285717,-1.9511228344808276e-09,7.589285714286254e-05,0.6301644623345918
2057,0.0085,9999999999,0.001,200,75.6742857142857,0.6432314285714286,-1.9470061533375587e-09,0.0009866071428571376,0.6942180337672796
2058,0.0085,9999999999,0.001,200,75.10285714285715,0.6383742857142858,-1.9429205579085786e-09,-7.5892857142855e-05,0.6882983909142224
2059,0.0085,9999999999,0.001,200,72.53142857142859,0.6165171428571431,-1.938974848193898e-09,-0.000341517857142855,0.6661756230610254
2060,0.0085,9999999999,0.001,200,61.53142857142859,0.5230171428571431,-1.9356275384792777e-09,-0.0014609375,0.5715562034215156
2061,0.0085,9999999999,0.001,200,58.10285714285715,0.49387428571428577,-1.9324667430503902e-09,-0.00045535714285714504,0.5434189266389619
2062,0.0085,9999999999,0.001,200,45.67428571428573,0.3882314285714287,-1.9299820619072846e-09,-0.0016506696428571414,0.4365807569985895
2063,0.0085,9999999999,0.001,200,35.388571428571424,0.30080285714285715,-1.928056923621378e-09,-0.0013660714285714313,0.3494367837862288
2064,0.0085,9999999999,0.001,200,12.531428571428563,0.1065171428571428,-1.9273752139070242e-09,-0.0030357142857142866,0.1534814266440533
2065,0.0085,9999999999,0.001,200,-14.611428571428576,-0.12419714285714291,-1.9281700756213897e-09,-0.003604910714285714,-0.07780205549959869
2066,0.0085,9999999999,0.001,200,-38.32571428571427,-0.3257685714285713,-1.9302549944787406e-09,-0.0031495535714285696,-0.27891812693025486
2067,0.0085,9999999999,0.001,200,-55.245714285714286,-0.46958857142857147,-1.9332603613361837e-09,-0.0022471875000000022,-0.4218357608618319
2068,0.0085,9999999999,0.001,200,-72.61142857142856,-0.6171971428571428,-1.9372104230508646e-09,-0.0023063839285714276,-0.5695035287229245
2069,0.0085,9999999999,0.001,200,-88.38857142857144,-0.7513028571428573,-1.94201876133706e-09,-0.0020954017857142885,-0.7033982608705903
2070,0.0085,9999999999,0.001,200,-102.89714285714285,-0.8746257142857143,-1.947616365909048e-09,-0.0019269196428571412,-0.8265526358761879
2071,0.0085,9999999999,0.001,200,-111.48571428571428,-0.9476285714285715,-1.9536811887667977e-09,-0.0011406696428571427,-0.8987692430251099
2072,0.0085,9999999999,0.001,200,-124.28,-1.05638,-1.9604420207674737e-09,-0.0016992410714285725,-1.0080792430318706
2073,0.0085,9999999999,0.001,200,-128.96,-1.0961600000000002,-1.967457444768175e-09,-0.000621562500000001,-1.0467815644674576
2074,0.0085,9999999999,0.001,200,-132.3257142857143,-1.1247685714285716,-1.9746559636260377e-09,-0.0004470089285714292,-1.075215582331799
2075,0.0085,9999999999,0.001,200,-133.75428571428571,-1.1369114285714286,-1.9819321967696226e-09,-0.00018973214285714126,-1.087101162696218
2076,0.0085,9999999999,0.001,200,-136.3257142857143,-1.1587685714285716,-1.989348315627507e-09,-0.0003415178571428588,-1.1091100912750627
2077,0.0085,9999999999,0.001,200,-138.89714285714285,-1.1806257142857144,-1.996904320199691e-09,-0.000341517857142855,-1.1309672341397616
2078,0.0085,9999999999,0.001,200,-144.28,-1.22638,-2.0047531522004757e-09,-0.000714910714285715,-1.1770949127190389
2079,0.0085,9999999999,0.001,200,-143.4857142857143,-1.2196285714285715,-2.0125587750583997e-09,0.0001054910714285704,-1.1695230823697016
2080,0.0085,9999999999,0.001,200,-143.99428571428572,-1.2239514285714288,-2.02039206420204e-09,-6.75446428571429e-05,-1.174018975234678
2081,0.0085,9999999999,0.001,200,-144.46857142857144,-1.2279828571428573,-2.02825115448854e-09,-6.29910714285713e-05,-1.1780458502425368
2082,0.0085,9999999999,0.001,200,-140.3257142857143,-1.1927685714285716,-2.0358848733464462e-09,0.0005502232142857138,-1.1422183502501706
2083,0.0085,9999999999,0.001,200,-142.89714285714285,-1.2146257142857144,-2.0436584779186525e-09,-0.000341517857142855,-1.1649672341865158
2084,0.0085,9999999999,0.001,200,-143.75428571428571,-1.2219114285714288,-2.0514787110622917e-09,-0.00011383928571428626,-1.1720252699086218
2085,0.0085,9999999999,0.001,200,-142.04000000000002,-1.2073400000000003,-2.0592056870630642e-09,0.00022767857142856875,-1.1571123234877774
2086,0.0085,9999999999,0.001,200,-138.96,-1.1811600000000002,-2.0667651110638203e-09,0.00040906250000000176,-1.1307509395667654
2087,0.0085,9999999999,0.001,200,-138.61142857142858,-1.178197142857143,-2.07430557277886e-09,4.629464285714335e-05,-1.1281508502885913
2088,0.0085,9999999999,0.001,200,-142.89714285714285,-1.2146257142857144,-2.0820791773510657e-09,-0.0005691964285714275,-1.165194912796365
2089,0.0085,9999999999,0.001,200,-142.85142857142858,-1.214237142857143,-2.0898502950661285e-09,6.071428571426286e-06,-1.1642310735184218
2090,0.0085,9999999999,0.001,200,-141.18285714285713,-1.2000542857142857,-2.0975306424954685e-09,0.00022160714285714625,-1.1498326806689592
2091,0.0085,9999999999,0.001,200,-144.89714285714285,-1.2316257142857143,-2.1054130470676847e-09,-0.0004933035714285726,-1.1821190199625558
2092,0.0085,9999999999,0.001,200,-144.61142857142858,-1.2291971428571429,-2.113279908782757e-09,3.79464285714275e-05,-1.1791591985418515
2093,0.0085,9999999999,0.001,200,-145.81714285714287,-1.2394457142857145,-2.121212361354979e-09,-0.00016013392857142962,-1.1896058503354983
2094,0.0085,9999999999,0.001,200,-145.18285714285713,-1.2340542857142858,-2.12911030878434e-09,8.424107142857463e-05,-1.1839700467719674
2095,0.0085,9999999999,0.001,200,-146.10285714285715,-1.241874285714286,-2.1370583042137064e-09,-0.00012218750000000212,-1.1919964753513441
2096,0.0085,9999999999,0.001,200,-145.13714285714286,-1.2336657142857144,-2.1449537647859247e-09,0.0001282589285714284,-1.1835374575020967
2097,0.0085,9999999999,0.001,200,-149.18285714285713,-1.2680542857142858,-2.1530693122153075e-09,-0.0005373214285714263,-1.2185916092959264
2098,0.0085,9999999999,0.001,200,-147.46857142857144,-1.2534828571428573,-2.161091602501824e-09,0.00022767857142856875,-1.2032551807325202
2099,0.0085,9999999999,0.001,200,-144.96,-1.2321600000000001,-2.168977426502612e-09,0.0003331696428571429,-1.1818268325261203
2100,0.0085,9999999999,0.001,200,-142.61142857142858,-1.212197142857143,-2.1767354882176736e-09,0.00031191964285714335,-1.1618852253910212
2101,0.0085,9999999999,0.001,200,-144.3257142857143,-1.2267685714285717,-2.184586807075602e-09,-0.00022767857142857252,-1.176996252184587
2102,0.0085,9999999999,0.001,200,-138.04000000000002,-1.1733400000000003,-2.1920961830763524e-09,0.0008348214285714275,-1.1225051807635251
2103,0.0085,9999999999,0.001,200,-138.89714285714285,-1.1806257142857144,-2.1996521876485364e-09,-0.00011383928571428249,-1.1307395557710809
2104,0.0085,9999999999,0.001,200,-139.46857142857144,-1.1854828571428573,-2.2072392779350094e-09,-7.589285714285876e-05,-1.1355587522072395
2105,0.0085,9999999999,0.001,200,-134.85142857142858,-1.146237142857143,-2.2145751956500285e-09,0.0006132142857142851,-1.0956239307860038
2106,0.0085,9999999999,0.001,200,-140.3257142857143,-1.1927685714285716,-2.2222089145079352e-09,-0.0007270535714285714,-1.143495627222209
2107,0.0085,9999999999,0.001,200,-137.46857142857144,-1.1684828571428574,-2.229687204794397e-09,0.00037946428571428636,-1.1181033950868302
2108,0.0085,9999999999,0.001,200,-138.3257142857143,-1.1757685714285717,-2.2372121236522926e-09,-0.00011383928571428626,-1.1258824129514982
2109,0.0085,9999999999,0.001,200,-137.42285714285714,-1.1680942857142858,-2.2446879270816118e-09,0.00011991071428571632,-1.117974377244688
2110,0.0085,9999999999,0.001,200,-138.04000000000002,-1.1733400000000003,-2.252197303082362e-09,-8.196428571428882e-05,-1.123421966537912
2111,0.0085,9999999999,0.001,200,-138.04000000000002,-1.1733400000000003,-2.2597066790831132e-09,0.0,-1.1233400022597069
2112,0.0085,9999999999,0.001,200,-135.46857142857144,-1.1514828571428573,-2.267076169369564e-09,0.0003415178571428588,-1.1011413415527904
2113,0.0085,9999999999,0.001,200,-138.3257142857143,-1.1757685714285717,-2.2746010882274596e-09,-0.00037946428571428636,-1.126148037988887
2114,0.0085,9999999999,0.001,200,-138.04000000000002,-1.1733400000000003,-2.2821104642282103e-09,3.79464285714275e-05,-1.1233020558535394
2115,0.0085,9999999999,0.001,200,-136.89714285714285,-1.1636257142857143,-2.2895576688003837e-09,0.00015178571428571753,-1.1134739308609862
2116,0.0085,9999999999,0.001,200,-136.61142857142858,-1.161197142857143,-2.296989330515412e-09,3.79464285714275e-05,-1.111159198725561
2117,0.0085,9999999999,0.001,200,-136.89714285714285,-1.1636257142857143,-2.304436535087586e-09,-3.79464285714275e-05,-1.1136636630187222
2118,0.0085,9999999999,0.001,200,-136.61142857142858,-1.161197142857143,-2.3118681968026145e-09,3.79464285714275e-05,-1.11115919874044
2119,0.0085,9999999999,0.001,200,-135.42285714285714,-1.1510942857142858,-2.319235200231923e-09,0.00015785714285714383,-1.100936430890664
2120,0.0085,9999999999,0.001,200,-136.04000000000002,-1.1563400000000004,-2.326635776232663e-09,-8.196428571428882e-05,-1.1064219666123505
2121,0.0085,9999999999,0.001,200,-136.04000000000002,-1.1563400000000004,-2.334036352233403e-09,0.0,-1.1063400023340366
2122,0.0085,9999999999,0.001,200,-135.46857142857144,-1.1514828571428573,-2.3414058425198537e-09,7.589285714285876e-05,-1.10140696662712
2123,0.0085,9999999999,0.001,200,-145.75428571428571,-1.2389114285714287,-2.349334875663504e-09,-0.0013660714285714276,-1.190277502349335
2124,0.0085,9999999999,0.001,200,-129.46857142857144,-1.1004828571428573,-2.3563779659499227e-09,0.0021629464285714277,-1.0483199130706637
2125,0.0085,9999999999,0.001,200,-135.75428571428571,-1.1539114285714287,-2.363762999093518e-09,-0.0008348214285714275,-1.104746252363763
2126,0.0085,9999999999,0.001,200,-134.61142857142858,-1.144197142857143,-2.3710858608085356e-09,0.00015178571428571376,-1.094045359513943
2127,0.0085,9999999999,0.001,200,-132.89714285714285,-1.1296257142857142,-2.3783154653806876e-09,0.00022767857142857252,-1.0793980380926012
2128,0.0085,9999999999,0.001,200,-134.75428571428571,-1.1454114285714287,-2.3856460985242783e-09,-0.0002466517857142863,-1.095658082742789
2129,0.0085,9999999999,0.001,200,-134.04000000000002,-1.1393400000000002,-2.392937874525007e-09,9.486607142856874e-05,-1.0892451363215094
2130,0.0085,9999999999,0.001,200,-132.89714285714285,-1.1296257142857142,-2.4001674790971588e-09,0.00015178571428571753,-1.079473930971596
2131,0.0085,9999999999,0.001,200,-129.18285714285713,-1.0980542857142856,-2.4071950265264334e-09,0.0004933035714285726,-1.0475609845500522
2132,0.0085,9999999999,0.001,200,-131.18285714285713,-1.1150542857142858,-2.4143313739557183e-09,-0.000265625,-1.065319913128617
2133,0.0085,9999999999,0.001,200,-132.04000000000002,-1.1223400000000003,-2.421514349956437e-09,-0.00011383928571429004,-1.072453841707229
2134,0.0085,9999999999,0.001,200,-125.75428571428571,-1.0689114285714287,-2.4283553830999782e-09,0.0008348214285714313,-1.0180766095712126
2135,0.0085,9999999999,0.001,200,-129.75428571428571,-1.1029114285714285,-2.4354140162435413e-09,-0.00053125,-1.0534426810068427
2136,0.0085,9999999999,0.001,200,-130.61142857142858,-1.1101971428571429,-2.4425192779585373e-09,-0.00011383928571428626,-1.0603109845853764
2137,0.0085,9999999999,0.001,200,-130.04000000000002,-1.1053400000000002,-2.449593453959245e-09,7.5892857142855e-05,-1.0552641095924506
2138,0.0085,9999999999,0.001,200,-132.61142857142858,-1.127197142857143,-2.456807515674252e-09,-0.000341517857142855,-1.0775386631710933
2139,0.0085,9999999999,0.001,200,-130.75428571428571,-1.1114114285714287,-2.4639205488178204e-09,0.0002466517857142863,-1.061164779249635
2140,0.0085,9999999999,0.001,200,-128.61142857142858,-1.093197142857143,-2.4709170105328057e-09,0.00028459821428571374,-1.0429125471137743
2141,0.0085,9999999999,0.001,200,-129.18285714285713,-1.0980542857142856,-2.4779445579620804e-09,-7.5892857142855e-05,-1.048130181049373
2142,0.0085,9999999999,0.001,200,-127.32571428571428,-1.0822685714285716,-2.484871076819916e-09,0.0002466517857142844,-1.0320219221277283
2143,0.0085,9999999999,0.001,200,-128.61142857142858,-1.093197142857143,-2.4918675385349016e-09,-0.0001707589285714294,-1.0433679042775819
2144,0.0085,9999999999,0.001,200,-128.04000000000002,-1.0883400000000003,-2.498832914535598e-09,7.5892857142855e-05,-1.0382641096416902
2145,0.0085,9999999999,0.001,200,-126.03999999999999,-1.07134,-2.505689490536284e-09,0.0002656250000000038,-1.0210743775056894
2146,0.0085,9999999999,0.001,200,-123.99428571428572,-1.0539514285714287,-2.5124347796798153e-09,0.0002716964285714263,-1.003679734655292
2147,0.0085,9999999999,0.001,200,-127.32571428571428,-1.0822685714285716,-2.519361298537651e-09,-0.00044245535714285567,-1.0327110293050759
2148,0.0085,9999999999,0.001,200,-124.89714285714285,-1.0616257142857144,-2.5261557031097592e-09,0.00032254464285714314,-1.0113031721690129
2149,0.0085,9999999999,0.001,200,-131.18285714285713,-1.1150542857142858,-2.533292050539044e-09,-0.0008348214285714275,-1.0658891096761491
2150,0.0085,9999999999,0.001,200,-126.18285714285715,-1.0725542857142858,-2.5401563979683023e-09,0.0006640624999999982,-1.021890225754442
2151,0.0085,9999999999,0.001,200,-122.03999999999999,-1.03734,-2.546795373968966e-09,0.0005502232142857157,-0.9867897793325096
2152,0.0085,9999999999,0.001,200,-122.32571428571428,-1.0397685714285716,-2.553449892826774e-09,-3.794642857142938e-05,-0.9898065204105928
2153,0.0085,9999999999,0.001,200,-122.61142857142856,-1.0421971428571428,-2.560119954541727e-09,-3.79464285714275e-05,-0.992235091845834
2154,0.0085,9999999999,0.001,200,-130.89714285714285,-1.1126257142857143,-2.567240759113868e-09,-0.0011004464285714294,-1.0637261632815265
2155,0.0085,9999999999,0.001,200,-121.18285714285715,-1.0300542857142858,-2.5738331065430985e-09,0.0012901785714285708,-0.9787641097166904
2156,0.0085,9999999999,0.001,200,-120.03999999999999,-1.02034,-2.5803632825437517e-09,0.00015178571428571568,-0.9701882168660776
2157,0.0085,9999999999,0.001,200,-118.28,-1.0053800000000002,-2.586797714544395e-09,0.0002337499999999988,-0.9551462525867978
2158,0.0085,9999999999,0.001,200,-118.89714285714285,-1.0106257142857142,-2.5932657191164706e-09,-8.196428571428505e-05,-0.9607076811646944
2159,0.0085,9999999999,0.001,200,-119.18285714285715,-1.013054285714286,-2.59974926654569e-09,-3.794642857142938e-05,-0.9630922347426065
2160,0.0085,9999999999,0.001,200,-111.13714285714286,-0.9446657142857144,-2.6057951271177237e-09,0.0010685714285714283,-0.8935971454629381
2161,0.0085,9999999999,0.001,200,-118.03999999999999,-1.00334,-2.612216503118366e-09,-0.0009167857142857126,-0.9542567883265021
2162,0.0085,9999999999,0.001,200,-115.99428571428572,-0.9859514285714287,-2.618526592261854e-09,0.0002716964285714263,-0.9356797347613839
2163,0.0085,9999999999,0.001,200,-114.89714285714285,-0.9766257142857143,-2.624776996833908e-09,0.00014571428571428748,-0.9264800026247769
2164,0.0085,9999999999,0.001,200,-108.61142857142856,-0.9231971428571428,-2.6306854585487846e-09,0.0008348214285714295,-0.8723623240592568
2165,0.0085,9999999999,0.001,200,-116.61142857142856,-0.9911971428571429,-2.637029120263705e-09,-0.0010625,-0.942259645494172
2166,0.0085,9999999999,0.001,200,-112.61142857142856,-0.9571971428571429,-2.643155181978603e-09,0.00053125,-0.906665895500298
2167,0.0085,9999999999,0.001,200,-112.32571428571428,-0.9547685714285715,-2.649265700836357e-09,3.79464285714275e-05,-0.9047306276492657
2168,0.0085,9999999999,0.001,200,-110.61142857142856,-0.9401971428571428,-2.6552829625512445e-09,0.00022767857142857252,-0.8899694669409972
2169,0.0085,9999999999,0.001,200,-114.89714285714285,-0.9766257142857143,-2.661533367123298e-09,-0.0005691964285714294,-0.927194913375819
2170,0.0085,9999999999,0.001,200,-109.46857142857142,-0.9304828571428572,-2.6674884574096082e-09,0.0007209821428571432,-0.8797618776674885
2171,0.0085,9999999999,0.001,200,-110.61142857142856,-0.9401971428571428,-2.6735057191244957e-09,-0.00015178571428571376,-0.8903489312449343
2172,0.0085,9999999999,0.001,200,-107.75428571428571,-0.9159114285714286,-2.679367552267939e-09,0.0003794642857142844,-0.8655319669650817
2173,0.0085,9999999999,0.001,200,-106.89714285714285,-0.9086257142857144,-2.6851827568399495e-09,0.00011383928571428626,-0.8585118776851828
2174,0.0085,9999999999,0.001,200,-105.42285714285715,-0.8960942857142858,-2.690917760269094e-09,0.00019580357142856946,-0.8458984848337749
2175,0.0085,9999999999,0.001,200,-105.85142857142857,-0.8997371428571429,-2.6966760779839554e-09,-5.6919642857141247e-05,-0.8497940651966761
2176,0.0085,9999999999,0.001,200,-106.28,-0.9033800000000001,-2.7024577099845335e-09,-5.691964285714313e-05,-0.8534369223453149
2177,0.0085,9999999999,0.001,200,-100.28,-0.85238,-2.707912941985079e-09,0.0007968750000000001,-0.8015831277079128
2178,0.0085,9999999999,0.001,200,-102.03999999999999,-0.86734,-2.713463917985634e-09,-0.0002337499999999988,-0.8175737527134639
2179,0.0085,9999999999,0.001,200,-101.13714285714286,-0.8596657142857144,-2.718965778557613e-09,0.00011991071428571255,-0.8095458062903944
2180,0.0085,9999999999,0.001,200,-98.85142857142857,-0.8402371428571429,-2.7243432962724362e-09,0.0003035714285714294,-0.7899335741529148
2181,0.0085,9999999999,0.001,200,-98.28,-0.8353800000000001,-2.729689728272971e-09,7.589285714285688e-05,-0.785304109872547
2182,0.0085,9999999999,0.001,200,-95.42285714285715,-0.8110942857142859,-2.734880731702062e-09,0.0003794642857142844,-0.7607148241634523
2183,0.0085,9999999999,0.001,200,-101.42285714285715,-0.8620942857142859,-2.7403981351311845e-09,-0.0007968750000000001,-0.812891163454684
2184,0.0085,9999999999,0.001,200,-102.5657142857143,-0.8718085714285716,-2.7459777099888856e-09,-0.00015178571428571376,-0.821960359888835
2185,0.0085,9999999999,0.001,200,-92.28,-0.7843800000000001,-2.750997741989388e-09,0.0013660714285714294,-0.7330139313224263
2186,0.0085,9999999999,0.001,200,-87.70857142857143,-0.7455228571428573,-2.7557690882755796e-09,0.0006071428571428569,-0.6949157170414835
2187,0.0085,9999999999,0.001,200,-83.13714285714286,-0.7066657142857143,-2.76029174884746e-09,0.0006071428571428569,-0.6560585741888633
2188,0.0085,9999999999,0.001,200,-83.70857142857143,-0.7115228571428572,-2.7648454951336297e-09,-7.589285714285688e-05,-0.6615987527648455
2189,0.0085,9999999999,0.001,200,-86.85142857142857,-0.7382371428571429,-2.769570212848388e-09,-0.00041741071428571375,-0.6886545563409988
2190,0.0085,9999999999,0.001,200,-83.99428571428572,-0.7139514285714287,-2.774139501991702e-09,0.0003794642857142844,-0.6635719670598538
2191,0.0085,9999999999,0.001,200,-80.28,-0.6823800000000001,-2.778506733992139e-09,0.0004933035714285726,-0.6318866992070782
2192,0.0085,9999999999,0.001,200,-78.5657142857143,-0.6678085714285715,-2.782780708849709e-09,0.00022767857142857068,-0.6175808956399236
2193,0.0085,9999999999,0.001,200,-78.85142857142857,-0.6702371428571429,-2.7870702265644236e-09,-3.79464285714275e-05,-0.6202750920727845
2194,0.0085,9999999999,0.001,200,-79.42285714285715,-0.6750942857142859,-2.7913908299934272e-09,-7.589285714285876e-05,-0.6251701813628194
2195,0.0085,9999999999,0.001,200,-81.99428571428572,-0.6969514285714287,-2.7958513191367304e-09,-0.0003415178571428569,-0.6472929492244228
2196,0.0085,9999999999,0.001,200,-71.42285714285714,-0.6070942857142857,-2.79973672256569e-09,0.0014040178571428589,-0.5556902706568796
2197,0.0085,9999999999,0.001,200,-71.70857142857145,-0.6095228571428574,-2.8036376688517945e-09,-3.794642857143127e-05,-0.5595608063750664
2198,0.0085,9999999999,0.001,200,-72.28,-0.61438,-2.8075697008521883e-09,-7.5892857142855e-05,-0.5644558956647125
2199,0.0085,9999999999,0.001,200,-73.42285714285715,-0.6240942857142858,-2.811563904281159e-09,-0.00015178571428571568,-0.5742460742401354
2200,0.0085,9999999999,0.001,200,-63.13714285714286,-0.5366657142857144,-2.814998564852931e-09,0.0013660714285714294,-0.4852996456721415
2201,0.0085,9999999999,0.001,200,-60.851428571428585,-0.5172371428571431,-2.818308882567548e-09,0.0003035714285714275,-0.4669335742468806
2202,0.0085,9999999999,0.001,200,-61.42285714285714,-0.5220942857142857,-2.8216502859964536e-09,-7.5892857142855e-05,-0.4721701813930788
2203,0.0085,9999999999,0.001,200,-58.851428571428585,-0.500237142857143,-2.8248518037110598e-09,0.000341517857142855,-0.449895627824852
2204,0.0085,9999999999,0.001,200,-57.708571428571446,-0.4905228571428573,-2.8279911499970877e-09,0.00015178571428571376,-0.4403710742565628
2205,0.0085,9999999999,0.001,200,-57.708571428571446,-0.4905228571428573,-2.8311304962831157e-09,0.0,-0.4405228599739878
2206,0.0085,9999999999,0.001,200,-52.28,-0.44438000000000005,-2.8339745282834005e-09,0.0007209821428571451,-0.39365902069111747
2207,0.0085,9999999999,0.001,200,-48.56571428571428,-0.4128085714285714,-2.836616503140808e-09,0.0004933035714285726,-0.36231527069375935
2208,0.0085,9999999999,0.001,200,-47.13714285714286,-0.40066571428571435,-2.8391807637124927e-09,0.00018973214285714126,-0.35047598498203797
2209,0.0085,9999999999,0.001,200,-43.13714285714286,-0.3666657142857144,-2.841527424284156e-09,0.00053125,-0.3161344671272418
2210,0.0085,9999999999,0.001,200,-43.13714285714286,-0.3666657142857144,-2.843874084855819e-09,0.0,-0.31666571712958846
2211,0.0085,9999999999,0.001,200,-37.99428571428572,-0.32295142857142867,-2.8459409739988824e-09,0.0006830357142857138,-0.2722683957030839
2212,0.0085,9999999999,0.001,200,-35.708571428571446,-0.3035228571428573,-2.847883520284791e-09,0.0003035714285714275,-0.25321928856216946
2213,0.0085,9999999999,0.001,200,-32.28,-0.27438,-2.8496395522849665e-09,0.00045535714285714504,-0.22392464570678244
2214,0.0085,9999999999,0.001,200,-33.99428571428572,-0.2889514285714287,-2.851488841428009e-09,-0.00022767857142857252,-0.2391791099943461
2215,0.0085,9999999999,0.001,200,-27.708571428571446,-0.2355228571428573,-2.8529961877138735e-09,0.0008348214285714275,-0.1846880385672821
2216,0.0085,9999999999,0.001,200,-28.851428571428585,-0.245237142857143,-2.8545657054283164e-09,-0.00015178571428571376,-0.1953889314259944
2217,0.0085,9999999999,0.001,200,-29.42285714285714,-0.2500942857142857,-2.856166308857048e-09,-7.5892857142855e-05,-0.2001701814275949
2218,0.0085,9999999999,0.001,200,-21.137142857142862,-0.17966571428571435,-2.857316169428591e-09,0.0011004464285714276,-0.12856527071445906
2219,0.0085,9999999999,0.001,200,-19.42285714285714,-0.1650942857142857,-2.8583727728572684e-09,0.00022767857142857252,-0.11486661000122987
2220,0.0085,9999999999,0.001,200,-16.851428571428585,-0.14323714285714298,-2.859289490571646e-09,0.000341517857142855,-0.09289562785928963
2221,0.0085,9999999999,0.001,200,-13.994285714285724,-0.11895142857142865,-2.860050779714579e-09,0.00037946428571428636,-0.06857196714576515
2222,0.0085,9999999999,0.001,200,-10.851428571428585,-0.09223714285714298,-2.8606410974289234e-09,0.00041741071428571375,-0.041819735003498365
2223,0.0085,9999999999,0.001,200,-8.851428571428585,-0.07523714285714297,-2.8611226151432572e-09,0.000265625,-0.024971520718265583
2224,0.0085,9999999999,0.001,200,-7.9942857142857235,-0.06795142857142865,-2.8615575042861578e-09,0.00011383928571428626,-0.01783759214727186
2225,0.0085,9999999999,0.001,200,-15.994285714285724,-0.13595142857142867,-2.862427593429102e-09,-0.0010625,-0.08701393143385626
2226,0.0085,9999999999,0.001,200,-4.9942857142857235,-0.042451428571428654,-2.862699282571986e-09,0.0014609375,0.009009506065872065
2227,0.0085,9999999999,0.001,200,0.29142857142855405,0.0024771428571427096,-2.8626834288576984e-09,0.0007020089285714275,0.05317914892303071
2228,0.0085,9999999999,0.001,200,1.7199999999999989,0.01461999999999999,-2.8625898608576894e-09,0.00018973214285714502,0.06480972928026728
2229,0.0085,9999999999,0.001,200,3.4342857142857213,0.029191428571428632,-2.8624030357148134e-09,0.00022767857142857252,0.07941910428045418
2230,0.0085,9999999999,0.001,200,8.862857142857138,0.07533428571428567,-2.861920896286194e-09,0.0007209821428571413,0.1260552649952219
2231,0.0085,9999999999,0.001,200,12.862857142857138,0.10933428571428568,-2.8612211568575524e-09,0.00053125,0.1598655328530645
2232,0.0085,9999999999,0.001,200,16.005714285714276,0.13604857142857135,-2.860350446000323e-09,0.00041741071428571375,0.18646597928250663
2233,0.0085,9999999999,0.001,200,16.291428571428554,0.13847714285714272,-2.8594641922859486e-09,3.79464285714275e-05,0.18851508642624998
2234,0.0085,9999999999,0.001,200,20.291428571428554,0.17247714285714272,-2.858360338571553e-09,0.00053125,0.22300838999878242
2235,0.0085,9999999999,0.001,200,19.148571428571415,0.16276285714285704,-2.8573186562857337e-09,-0.00015178571428571376,0.21261106857125267
2236,0.0085,9999999999,0.001,200,13.434285714285721,0.11419142857142864,-2.8565878311428038e-09,-0.0007589285714285688,0.16343249714341224
2237,0.0085,9999999999,0.001,200,23.148571428571415,0.19676285714285704,-2.8553285488569636e-09,0.0012901785714285689,0.24805303285895708
2238,0.0085,9999999999,0.001,200,24.862857142857138,0.2113342857142857,-2.8539760094282572e-09,0.00022767857142857252,0.26156196143173827
2239,0.0085,9999999999,0.001,200,22.862857142857138,0.19433428571428568,-2.852732269999561e-09,-0.000265625,0.2440686578615534
2240,0.0085,9999999999,0.001,200,25.72,0.21862,-2.8513331019994218e-09,0.00037946428571428636,0.2689994614343812
2241,0.0085,9999999999,0.001,200,34.57714285714286,0.2939057142857143,-2.8494521054278047e-09,0.0011763392857142864,0.3450820507219765
2242,0.0085,9999999999,0.001,200,34.43428571428572,0.29269142857142866,-2.84757888028476e-09,-1.897321428571375e-05,0.342672452509564
2243,0.0085,9999999999,0.001,200,35.291428571428554,0.2999771428571427,-2.8456590265702824e-09,0.00011383928571428249,0.35009097929719796
2244,0.0085,9999999999,0.001,200,38.00571428571428,0.32304857142857135,-2.843591515712933e-09,0.00036049107142857253,0.37340905965640836
2245,0.0085,9999999999,0.001,200,39.43428571428572,0.33519142857142864,-2.8414462905698614e-09,0.00018973214285714502,0.3853811578728395
2246,0.0085,9999999999,0.001,200,44.00571428571428,0.3740485714285714,-2.839052379712479e-09,0.000607142857142855,0.42465571144666187
2247,0.0085,9999999999,0.001,200,43.43428571428572,0.36919142857142867,-2.8366895545693857e-09,-7.5892857142855e-05,0.41911553287759623
2248,0.0085,9999999999,0.001,200,47.43428571428572,0.40319142857142865,-2.8341091294262703e-09,0.00053125,0.4537226757373195
2249,0.0085,9999999999,0.001,200,47.72,0.40562000000000004,-2.8315131614260105e-09,3.79464285714275e-05,0.4556579435970583
2250,0.0085,9999999999,0.001,200,56.005714285714305,0.4760485714285716,-2.828466450568563e-09,0.0011004464285714313,0.5271490150286766
2251,0.0085,9999999999,0.001,200,46.00571428571428,0.39104857142857136,-2.82596373971117e-09,-0.001328125000000004,0.4397204436026076
2252,0.0085,9999999999,0.001,200,50.291428571428554,0.4274771428571427,-2.8232278859966107e-09,0.0005691964285714275,0.4780463364624863
2253,0.0085,9999999999,0.001,200,45.57714285714286,0.38740571428571435,-2.8207484894249344e-09,-0.0006261160714285688,0.4367795953935373
2254,0.0085,9999999999,0.001,200,49.00571428571428,0.4165485714285714,-2.8180825785675248e-09,0.00045535714285714136,0.4670039257533459
2255,0.0085,9999999999,0.001,200,53.43428571428572,0.4541914285714287,-2.815175753424377e-09,0.000588169642857145,0.5047795953991101
2256,0.0085,9999999999,0.001,200,51.43428571428572,0.4371914285714287,-2.81237772828124e-09,-0.000265625,0.48692580075905095
2257,0.0085,9999999999,0.001,200,58.005714285714305,0.4930485714285716,-2.809222217423782e-09,0.0008727678571428588,0.5439213364764922
2258,0.0085,9999999999,0.001,200,55.291428571428554,0.46997714285714276,-2.8062143637091953e-09,-0.0003604910714285764,0.5196166489794998
2259,0.0085,9999999999,0.001,200,56.57714285714286,0.4809057142857143,-2.803136567137459e-09,0.00017075892857143127,0.5310764704111492
2260,0.0085,9999999999,0.001,200,56.005714285714305,0.4760485714285716,-2.800089856280011e-09,-7.5892857142855e-05,0.5259726757713389
2261,0.0085,9999999999,0.001,200,52.291428571428554,0.44447714285714274,-2.797245202565441e-09,-0.0004933035714285764,0.49398383648846894
2262,0.0085,9999999999,0.001,200,55.148571428571415,0.46876285714285704,-2.7942451202794267e-09,0.00037946428571428636,0.5191423186343262
2263,0.0085,9999999999,0.001,200,55.43428571428572,0.47119142857142865,-2.7912294951362677e-09,3.794642857143127e-05,0.5212293722087706
2264,0.0085,9999999999,0.001,200,56.29142857142858,0.478477142857143,-2.788167241421676e-09,0.00011383928571428626,0.52859097935469
2265,0.0085,9999999999,0.001,200,62.29142857142858,0.529477142857143,-2.7847785877070517e-09,0.0007968750000000001,0.5802740150723644
2266,0.0085,9999999999,0.001,200,57.71999999999997,0.4906199999999998,-2.781638619706737e-09,-0.0006071428571428627,0.5400128543612183
2267,0.0085,9999999999,0.001,200,56.57714285714286,0.4809057142857143,-2.7785608231350008e-09,-0.00015178571428571,0.5307539257928678
2268,0.0085,9999999999,0.001,200,56.005714285714305,0.4760485714285716,-2.7755141122775533e-09,-7.5892857142855e-05,0.5259726757959147
2269,0.0085,9999999999,0.001,200,54.00571428571428,0.45904857142857136,-2.7725762014201165e-09,-0.0002656250000000038,0.5087829436559952
2270,0.0085,9999999999,0.001,200,47.57714285714286,0.4044057142857143,-2.769988004848429e-09,-0.0008537946428571413,0.45355191687286917
2271,0.0085,9999999999,0.001,200,51.291428571428554,0.43597714285714273,-2.7671977511338643e-09,0.0004933035714285688,0.48647044366137354
2272,0.0085,9999999999,0.001,200,50.291428571428554,0.4274771428571427,-2.764461897419305e-09,-0.0001328125,0.4773443275926808
2273,0.0085,9999999999,0.001,200,47.72,0.40562000000000004,-2.7618659294190454e-09,-0.000341517857142855,0.45527847938099125
2274,0.0085,9999999999,0.001,200,48.291428571428554,0.41047714285714276,-2.759238875704497e-09,7.5892857142855e-05,0.46055303295504674
2275,0.0085,9999999999,0.001,200,44.148571428571415,0.37526285714285706,-2.756837193418542e-09,-0.0005502232142857138,0.42471263117173413
2276,0.0085,9999999999,0.001,200,38.57714285714286,0.32790571428571436,-2.7547385968469036e-09,-0.000739955357142855,0.3771657561738329
2277,0.0085,9999999999,0.001,200,36.86285714285714,0.3133342857142857,-2.752733257418132e-09,-0.00022767857142857252,0.3631066043901238
2278,0.0085,9999999999,0.001,200,43.43428571428572,0.36919142857142867,-2.750370432275038e-09,0.0008727678571428588,0.4200641936782011
2279,0.0085,9999999999,0.001,200,37.72,0.32062,-2.7483184642748335e-09,-0.0007589285714285727,0.369861068680253
2280,0.0085,9999999999,0.001,200,38.291428571428554,0.32547714285714274,-2.7462354105603394e-09,7.5892857142855e-05,0.3755530329680502
2281,0.0085,9999999999,0.001,200,42.72,0.36312,-2.743911442560107e-09,0.000588169642857145,0.4137081668989457
2282,0.0085,9999999999,0.001,200,31.72,0.26962,-2.7421858745599345e-09,-0.0014609375,0.31815905975781417
2283,0.0085,9999999999,0.001,200,29.43428571428572,0.2501914285714287,-2.740584649416917e-09,-0.0003035714285714275,0.2998878544022726
2284,0.0085,9999999999,0.001,200,31.43428571428572,0.26719142857142864,-2.7388746242738888e-09,0.000265625,0.317457050832554
2285,0.0085,9999999999,0.001,200,26.005714285714276,0.22104857142857137,-2.7374599134166046e-09,-0.0007209821428571451,0.2703275865482543
2286,0.0085,9999999999,0.001,200,24.291428571428554,0.20647714285714272,-2.7361384597021866e-09,-0.00022767857142857252,0.2562494615495757
2287,0.0085,9999999999,0.001,200,26.57714285714286,0.22590571428571432,-2.734692663130613e-09,0.00030357142857143137,0.2762092829795931
2288,0.0085,9999999999,0.001,200,22.57714285714286,0.19190571428571432,-2.733464466559062e-09,-0.00053125,0.24137446155224984
2289,0.0085,9999999999,0.001,200,19.862857142857138,0.1688342857142857,-2.7323839271303826e-09,-0.00036049107142857253,0.21847379191047317
2290,0.0085,9999999999,0.001,200,16.57714285714286,0.14090571428571433,-2.731482130558864e-09,-0.0004363839285714275,0.19046932762566077
2291,0.0085,9999999999,0.001,200,17.72,0.15062,-2.7305181625587673e-09,0.00015178571428571376,0.20077178298376752
2292,0.0085,9999999999,0.001,200,7.434285714285721,0.06319142857142863,-2.7301137374158703e-09,-0.0013660714285714276,0.11182535441274348
2293,0.0085,9999999999,0.001,200,9.148571428571415,0.07776285714285704,-2.729616055130106e-09,0.00022767857142856875,0.12799053298466956
2294,0.0085,9999999999,0.001,200,6.57714285714286,0.055905714285714316,-2.729258258558642e-09,-0.000341517857142855,0.1055641936993132
2295,0.0085,9999999999,0.001,200,10.005714285714276,0.08504857142857136,-2.728713947701445e-09,0.00045535714285714136,0.13550392584271456
2296,0.0085,9999999999,0.001,200,-1.708571428571446,-0.014522857142857292,-2.7288068939871683e-09,-0.0015558035714285726,0.033921336556907246
2297,0.0085,9999999999,0.001,200,1.7199999999999989,0.01461999999999999,-2.7287133259871594e-09,0.00045535714285714504,0.0650753544141438
2298,0.0085,9999999999,0.001,200,0.8628571428571377,0.007334285714285671,-2.7286663865585834e-09,-0.00011383928571428626,0.057220443699905
2299,0.0085,9999999999,0.001,200,-6.280000000000001,-0.05338000000000001,-2.7290080185586172e-09,-0.0009486607142857138,-0.0043286634432937385
2300,0.0085,9999999999,0.001,200,-5.708571428571446,-0.04852285714285729,-2.729318564844362e-09,7.5892857142855e-05,0.0015530329849670066
2301,0.0085,9999999999,0.001,200,-8.565714285714279,-0.07280857142857138,-2.729784539701552e-09,-0.0003794642857142825,-0.02318803844407019
2302,0.0085,9999999999,0.001,200,-8.280000000000001,-0.07038000000000001,-2.730234971701597e-09,3.79464285714275e-05,-0.020342056301663552
2303,0.0085,9999999999,0.001,200,-7.42285714285714,-0.0630942857142857,-2.730638775130209e-09,0.00011383928571428626,-0.012980449159210178
2304,0.0085,9999999999,0.001,200,-7.708571428571446,-0.0655228571428573,-2.731058121415965e-09,-3.794642857143127e-05,-0.015560806302486838
2305,0.0085,9999999999,0.001,200,-13.708571428571446,-0.1165228571428573,-2.731803867701754e-09,-0.0007968750000000001,-0.06731973487466117
2306,0.0085,9999999999,0.001,200,-9.137142857142862,-0.07766571428571434,-2.7323009282732323e-09,0.0006071428571428588,-0.0270585741608724
2307,0.0085,9999999999,0.001,200,-8.280000000000001,-0.07038000000000001,-2.7327513602732773e-09,0.00011383928571428626,-0.020266163447037078
2308,0.0085,9999999999,0.001,200,-18.56571428571428,-0.15780857142857138,-2.733761335130521e-09,-0.0013660714285714276,-0.10917464559090413
2309,0.0085,9999999999,0.001,200,-16.56571428571428,-0.14080857142857137,-2.734662509987754e-09,0.000265625,-0.09054294916323387
2310,0.0085,9999999999,0.001,200,-18.137142857142862,-0.15416571428571435,-2.735649170559281e-09,-0.00020870535714285877,-0.10437442237850637
2311,0.0085,9999999999,0.001,200,-19.42285714285714,-0.1650942857142857,-2.7367057739879582e-09,-0.0001707589285714275,-0.1152650473795629
2312,0.0085,9999999999,0.001,200,-22.42285714285714,-0.19059428571428572,-2.7379255774166513e-09,-0.00039843750000000003,-0.1409927259522113
2313,0.0085,9999999999,0.001,200,-13.708571428571446,-0.1165228571428573,-2.7386713237024403e-09,0.0011573660714285687,-0.06536549381010005
2314,0.0085,9999999999,0.001,200,-20.56571428571428,-0.17480857142857137,-2.7397900985596955e-09,-0.0009107142857142827,-0.12571928845407576
2315,0.0085,9999999999,0.001,200,-25.994285714285724,-0.22095142857142866,-2.741204187702694e-09,-0.0007209821428571451,-0.17167241345549
2316,0.0085,9999999999,0.001,200,-27.994285714285724,-0.23795142857142867,-2.742727076845703e-09,-0.000265625,-0.18821705631415575
2317,0.0085,9999999999,0.001,200,-17.708571428571446,-0.1505228571428573,-2.7436904231315138e-09,0.0013660714285714276,-0.09915678845797628
2318,0.0085,9999999999,0.001,200,-27.137142857142862,-0.23066571428571433,-2.74516668370309e-09,-0.0012522321428571413,-0.18191794917373816
2319,0.0085,9999999999,0.001,200,-28.851428571428585,-0.245237142857143,-2.746736201417533e-09,-0.00022767857142857252,-0.19546482417530775
2320,0.0085,9999999999,0.001,200,-31.708571428571446,-0.2695228571428573,-2.7484611477034197e-09,-0.00037946428571428636,-0.2199023241770327
2321,0.0085,9999999999,0.001,200,-31.42285714285714,-0.26709428571428573,-2.750170551132162e-09,3.794642857143127e-05,-0.21705634203588486
2322,0.0085,9999999999,0.001,200,-37.28,-0.31688000000000005,-2.752198583132365e-09,-0.0007779017857142863,-0.26765790453791294
2323,0.0085,9999999999,0.001,200,-35.99428571428572,-0.30595142857142865,-2.754156672275418e-09,0.0001707589285714275,-0.2557806723970139
2324,0.0085,9999999999,0.001,200,-32.56571428571428,-0.2768085714285714,-2.7559282471327383e-09,0.00045535714285714504,-0.22635321704164252
2325,0.0085,9999999999,0.001,200,-30.28,-0.25738000000000005,-2.757575479132903e-09,0.0003035714285714275,-0.20707643132900416
2326,0.0085,9999999999,0.001,200,-36.28,-0.30838000000000004,-2.7595491111331e-09,-0.0007968750000000001,-0.2591768777595491
2327,0.0085,9999999999,0.001,200,-37.708571428571446,-0.32052285714285733,-2.7616004574190195e-09,-0.00018973214285714502,-0.27071259204731496
2328,0.0085,9999999999,0.001,200,-36.56571428571428,-0.3108085714285714,-2.7635896322763615e-09,0.00015178571428571753,-0.2606567884778753
2329,0.0085,9999999999,0.001,200,-48.611428571428576,-0.41319714285714293,-2.7662340939909112e-09,-0.0015998214285714303,-0.3647969670519485
2330,0.0085,9999999999,0.001,200,-41.42285714285714,-0.3520942857142857,-2.7684874974197084e-09,0.0009547321428571439,-0.30113955633991607
2331,0.0085,9999999999,0.001,200,-41.708571428571446,-0.3545228571428573,-2.770756443705649e-09,-3.794642857143127e-05,-0.3045608063421852
2332,0.0085,9999999999,0.001,200,-37.42285714285714,-0.3180942857142857,-2.772792247134424e-09,0.0005691964285714313,-0.26752509205850655
2333,0.0085,9999999999,0.001,200,-42.56571428571428,-0.36180857142857137,-2.775107821991799e-09,-0.0006830357142857138,-0.31249160991796493
2334,0.0085,9999999999,0.001,200,-44.851428571428585,-0.381237142857143,-2.777547739706328e-09,-0.00030357142857143137,-0.3315407170632622
2335,0.0085,9999999999,0.001,200,-48.56571428571428,-0.4128085714285714,-2.7801897145637356e-09,-0.0004933035714285688,-0.3633018777801897
2336,0.0085,9999999999,0.001,200,-45.56571428571428,-0.3873085714285714,-2.782668489421126e-09,0.00039843750000000003,-0.33691013671123987
2337,0.0085,9999999999,0.001,200,-46.56571428571428,-0.3958085714285714,-2.7852016642785225e-09,-0.0001328125,-0.3459413867137731
2338,0.0085,9999999999,0.001,200,-46.851428571428585,-0.398237142857143,-2.7877503819930628e-09,-3.794642857143127e-05,-0.3482750920734648
2339,0.0085,9999999999,0.001,200,-46.56571428571428,-0.3958085714285714,-2.790283556850459e-09,3.794642857143127e-05,-0.34577062779028356
2340,0.0085,9999999999,0.001,200,-48.99428571428572,-0.4164514285714287,-2.792948845993583e-09,-0.00032254464285714503,-0.3667739760072347
2341,0.0085,9999999999,0.001,200,-47.13714285714286,-0.40066571428571435,-2.7955131065652677e-09,0.0002466517857142863,-0.35041906529551314
2342,0.0085,9999999999,0.001,200,-52.28,-0.44438000000000005,-2.7983571385655525e-09,-0.0006830357142857138,-0.39506303851264296
2343,0.0085,9999999999,0.001,200,-53.56571428571428,-0.4553085714285714,-2.8012711134229867e-09,-0.0001707589285714275,-0.40547933315841395
2344,0.0085,9999999999,0.001,200,-51.99428571428572,-0.44195142857142866,-2.804099602566127e-09,0.000208705357142855,-0.39174272601838545
2345,0.0085,9999999999,0.001,200,-51.13714285714286,-0.4346657142857144,-2.8068814631378336e-09,0.00011383928571428626,-0.38455187780688155
2346,0.0085,9999999999,0.001,200,-51.42285714285714,-0.4370942857142857,-2.809678866566685e-09,-3.79464285714275e-05,-0.387132234952536
2347,0.0085,9999999999,0.001,200,-58.28,-0.49538000000000004,-2.8128492985670023e-09,-0.0009107142857142863,-0.4462907170985636
2348,0.0085,9999999999,0.001,200,-50.851428571428585,-0.432237142857143,-2.8156156162815644e-09,0.0009866071428571413,-0.3812505385299015
2349,0.0085,9999999999,0.001,200,-49.99428571428572,-0.4249514285714287,-2.8183353054246936e-09,0.00011383928571428626,-0.3748375921040497
2350,0.0085,9999999999,0.001,200,-43.851428571428585,-0.372737142857143,-2.8207208231392175e-09,0.0008158482142857138,-0.3219212974635781
2351,0.0085,9999999999,0.001,200,-49.13714285714286,-0.41766571428571436,-2.823393883710914e-09,-0.0007020089285714275,-0.3683677260376797
2352,0.0085,9999999999,0.001,200,-45.99428571428572,-0.39095142857142867,-2.8258959728540212e-09,0.00041741071428571375,-0.34053402068303895
2353,0.0085,9999999999,0.001,200,-45.42285714285714,-0.3860942857142857,-2.8283669762828398e-09,7.589285714285876e-05,-0.33601839568550984
2354,0.0085,9999999999,0.001,200,-42.851428571428585,-0.364237142857143,-2.8306980939973587e-09,0.000341517857142855,-0.31389562783069824
2355,0.0085,9999999999,0.001,200,-50.56571428571428,-0.4298085714285714,-2.833448868854777e-09,-0.0010245535714285688,-0.3808331278334488
2356,0.0085,9999999999,0.001,200,-42.56571428571428,-0.36180857142857137,-2.8357644437121513e-09,0.0010625,-0.3107460742643358
2357,0.0085,9999999999,0.001,200,-43.13714285714286,-0.3666657142857144,-2.8381111042838143e-09,-7.589285714285876e-05,-0.31674160998096834
2358,0.0085,9999999999,0.001,200,-36.28,-0.30838000000000004,-2.8400847362840115e-09,0.0009107142857142863,-0.2574692885543705
2359,0.0085,9999999999,0.001,200,-49.28,-0.41888000000000003,-2.8427655682842798e-09,-0.0017265625000000002,-0.3706065653427656
2360,0.0085,9999999999,0.001,200,-36.851428571428585,-0.313237142857143,-2.8447702859987662e-09,0.0016506696428571414,-0.26158647605905616
2361,0.0085,9999999999,0.001,200,-36.851428571428585,-0.313237142857143,-2.8467750037132527e-09,0.0,-0.263237145703918
2362,0.0085,9999999999,0.001,200,-46.851428571428585,-0.398237142857143,-2.8493237214277934e-09,-0.001328125,-0.34956527070646676
2363,0.0085,9999999999,0.001,200,-37.851428571428585,-0.321737142857143,-2.851382839142285e-09,0.0011953125000000002,-0.2705418332085259
2364,0.0085,9999999999,0.001,200,-33.13714285714286,-0.28166571428571435,-2.853185499713894e-09,0.0006261160714285727,-0.2310396010674713
2365,0.0085,9999999999,0.001,200,-34.13714285714286,-0.29016571428571436,-2.855042560285508e-09,-0.0001328125,-0.24029852964075693
2366,0.0085,9999999999,0.001,200,-33.99428571428572,-0.2889514285714287,-2.85689184942855e-09,1.897321428571375e-05,-0.2389324582140348
2367,0.0085,9999999999,0.001,200,-28.851428571428585,-0.245237142857143,-2.8584613671429924e-09,0.0006830357142857138,-0.19455411000131861
2368,0.0085,9999999999,0.001,200,-29.708571428571446,-0.2525228571428573,-2.8600775134288686e-09,-0.00011383928571428626,-0.20263669928864914
2369,0.0085,9999999999,0.001,200,-27.994285714285724,-0.23795142857142867,-2.8616004025718777e-09,0.00022767857142857252,-0.18772375286160048
2370,0.0085,9999999999,0.001,200,-18.56571428571428,-0.15780857142857138,-2.8626103774291218e-09,0.0012522321428571454,-0.10655634214832461
2371,0.0085,9999999999,0.001,200,-27.708571428571446,-0.2355228571428573,-2.864117723714987e-09,-0.0012142857142857177,-0.18673714572126077
2372,0.0085,9999999999,0.001,200,-24.137142857142862,-0.20516571428571434,-2.865430784286546e-09,0.0004743303571428588,-0.15469138679400224
2373,0.0085,9999999999,0.001,200,-24.28,-0.20638000000000004,-2.8667516162866783e-09,-1.897321428571375e-05,-0.15639897608103737
2374,0.0085,9999999999,0.001,200,-27.42285714285714,-0.2330942857142857,-2.8682434197153994e-09,-0.00041741071428571375,-0.18351169929681482
2375,0.0085,9999999999,0.001,200,-23.42285714285714,-0.1990942857142857,-2.8695176231440978e-09,0.00053125,-0.14856303858380332
2376,0.0085,9999999999,0.001,200,-21.137142857142862,-0.17966571428571435,-2.8706674837156415e-09,0.0003035714285714275,-0.1293621457278104
2377,0.0085,9999999999,0.001,200,-16.708571428571446,-0.1420228571428573,-2.871576430001447e-09,0.0005881696428571413,-0.0914346903715766
2378,0.0085,9999999999,0.001,200,-14.565714285714279,-0.12380857142857138,-2.8723688048586688e-09,0.00028459821428571754,-0.07352397608665447
2379,0.0085,9999999999,0.001,200,-17.42285714285714,-0.1480942857142857,-2.8733166082873347e-09,-0.00037946428571428636,-0.0984737528733166
2380,0.0085,9999999999,0.001,200,-16.56571428571428,-0.14080857142857137,-2.8742177831445677e-09,0.00011383928571428626,-0.09069473501707485
2381,0.0085,9999999999,0.001,200,-8.708571428571446,-0.07402285714285729,-2.8746915294303295e-09,0.0010435267857142826,-0.02297933323183453
2382,0.0085,9999999999,0.001,200,-15.42285714285714,-0.1310942857142857,-2.8755305328589847e-09,-0.0008917410714285688,-0.08198602966124478
2383,0.0085,9999999999,0.001,200,-10.851428571428585,-0.09223714285714298,-2.8761208505733297e-09,0.000607142857142855,-0.04163000287612097
2384,0.0085,9999999999,0.001,200,-11.137142857142862,-0.09466571428571434,-2.8767267111448187e-09,-3.79464285714275e-05,-0.04470366359101248
2385,0.0085,9999999999,0.001,200,-15.137142857142862,-0.12866571428571433,-2.87755017171633e-09,-0.00053125,-0.0791969671632645
2386,0.0085,9999999999,0.001,200,-12.280000000000001,-0.10438000000000001,-2.878218203716396e-09,0.00037946428571428636,-0.054000538592503936
2387,0.0085,9999999999,0.001,200,-10.280000000000001,-0.08738000000000001,-2.8787774357164523e-09,0.000265625,-0.037114377878777444
2388,0.0085,9999999999,0.001,200,-9.42285714285714,-0.0800942857142857,-2.879290039145075e-09,0.00011383928571428626,-0.02998044930786145
2389,0.0085,9999999999,0.001,200,-6.851428571428585,-0.05823714285714297,-2.879662756859398e-09,0.000341517857142855,-0.007895627879662873
2390,0.0085,9999999999,0.001,200,-5.42285714285714,-0.04609428571428569,-2.879957760287999e-09,0.00018973214285714502,0.0040954435486137
2391,0.0085,9999999999,0.001,200,-3.9942857142857235,-0.03395142857142865,-2.8801750494308778e-09,0.00018973214285714126,0.01623830069125344
2392,0.0085,9999999999,0.001,200,-9.994285714285724,-0.08495142857142865,-2.880718738573789e-09,-0.0007968750000000001,-0.03574830645214738
2393,0.0085,9999999999,0.001,200,-3.1371428571428623,-0.02666571428571433,-2.8808893991452348e-09,0.0009107142857142863,0.02424499711911056
2394,0.0085,9999999999,0.001,200,-4.280000000000001,-0.03638000000000001,-2.881122231145258e-09,-0.00015178571428571376,0.013468211404592048
2395,0.0085,9999999999,0.001,200,-0.8514285714285847,-0.0072371428571429705,-2.8811685488595486e-09,0.00045535714285714136,0.043218211404545626
2396,0.0085,9999999999,0.001,200,-3.9942857142857235,-0.03395142857142865,-2.8813858380024273e-09,-0.00041741071428571375,0.015631157832899797
2397,0.0085,9999999999,0.001,200,-2.8514285714285847,-0.02423714285714297,-2.8815409557167286e-09,0.00015178571428571376,0.02591463997560179
2398,0.0085,9999999999,0.001,200,-1.708571428571446,-0.014522857142857292,-2.8816339020024518e-09,0.00015178571428571376,0.03562892568979452
2399,0.0085,9999999999,0.001,200,-1.42285714285714,-0.012094285714285691,-2.8817113054310313e-09,3.794642857143127e-05,0.03794365783257444
2400,0.0085,9999999999,0.001,200,-0.28000000000000114,-0.0023800000000000097,-2.8817265374310326e-09,0.00015178571428571376,0.047771782832559166
2401,0.0085,9999999999,0.001,200,0.8628571428571377,0.007334285714285671,-2.8816795980024566e-09,0.00015178571428571376,0.05748606854689179
2402,0.0085,9999999999,0.001,200,2.57714285714286,0.021905714285714313,-2.881539401431014e-09,0.00022767857142857252,0.07213338997560348
2403,0.0085,9999999999,0.001,200,-1.708571428571446,-0.014522857142857292,-2.881632347716738e-09,-0.0005691964285714313,0.034907943546938935
2404,0.0085,9999999999,0.001,200,6.291428571428554,0.053477142857142716,-2.8812900940024175e-09,0.0010625,0.10453963997585262
2405,0.0085,9999999999,0.001,200,6.57714285714286,0.055905714285714316,-2.8809322974309534e-09,3.794642857143127e-05,0.10594365783335345
2406,0.0085,9999999999,0.001,200,5.148571428571415,0.043762857142857034,-2.880652215145211e-09,-0.00018973214285714502,0.09357312211934768
2407,0.0085,9999999999,0.001,200,10.57714285714286,0.08990571428571431,-2.880076818573725e-09,0.0007209821428571451,0.14062669354849466
2408,0.0085,9999999999,0.001,200,8.005714285714276,0.06804857142857136,-2.8796413077165386e-09,-0.0003415178571428588,0.1177070506917872
2409,0.0085,9999999999,0.001,200,8.005714285714276,0.06804857142857136,-2.879205796859352e-09,0.0,0.11804856854936557
2410,0.0085,9999999999,0.001,200,7.148571428571415,0.060762857142857035,-2.8788169145735985e-09,-0.00011383928571428626,0.11064901497832584
2411,0.0085,9999999999,0.001,200,12.148571428571415,0.10326285714285703,-2.878156032287819e-09,0.0006640625,0.153926916764701
2412,0.0085,9999999999,0.001,200,10.291428571428554,0.08747714285714271,-2.8775961785734766e-09,-0.0002466517857142863,0.13723048819383227
2413,0.0085,9999999999,0.001,200,11.719999999999999,0.09962,-2.8769586105734134e-09,0.00018973214285714502,0.14980972926589853
2414,0.0085,9999999999,0.001,200,11.148571428571415,0.09476285714285704,-2.876352128287638e-09,-7.589285714285876e-05,0.14468696140936205
2415,0.0085,9999999999,0.001,200,15.719999999999999,0.13362,-2.8754969602875527e-09,0.0006071428571428588,0.18422713998164592
2416,0.0085,9999999999,0.001,200,12.434285714285721,0.10569142857142864,-2.874820535144628e-09,-0.0004363839285714275,0.15525504176803667
2417,0.0085,9999999999,0.001,200,14.57714285714286,0.12390571428571431,-2.8740275385731205e-09,0.00028459821428571374,0.17419030962597248
2418,0.0085,9999999999,0.001,200,15.434285714285721,0.13119142857142865,-2.873187913430179e-09,0.00011383928571428626,0.18130526498395505
2419,0.0085,9999999999,0.001,200,15.57714285714286,0.13240571428571432,-2.872340516858666e-09,1.897321428571375e-05,0.18242468462765954
2420,0.0085,9999999999,0.001,200,17.43428571428572,0.14819142857142864,-2.871392091715714e-09,0.0002466517857142863,0.19843807748575082
2421,0.0085,9999999999,0.001,200,18.291428571428554,0.15547714285714273,-2.8703970380013285e-09,0.00011383928571428249,0.20559097927246
2422,0.0085,9999999999,0.001,200,21.72,0.18462,-2.86921547000121e-09,0.00045535714285714504,0.23507535427364168
2423,0.0085,9999999999,0.001,200,18.291428571428554,0.15547714285714273,-2.8682204162868248e-09,-0.00045535714285714504,0.2050217828460652
2424,0.0085,9999999999,0.001,200,19.862857142857138,0.1688342857142857,-2.867139876858146e-09,0.00020870535714285877,0.21904298820428864
2425,0.0085,9999999999,0.001,200,12.57714285714286,0.10690571428571431,-2.866455680286649e-09,-0.0009676339285714275,0.15593807749068722
2426,0.0085,9999999999,0.001,200,20.57714285714286,0.17490571428571433,-2.8653362837151083e-09,0.0010625,0.22596821142037804
2427,0.0085,9999999999,0.001,200,23.148571428571415,0.19676285714285704,-2.864077001429268e-09,0.000341517857142855,0.2471043721359229
2428,0.0085,9999999999,0.001,200,22.57714285714286,0.19190571428571432,-2.8628488048577165e-09,-7.5892857142855e-05,0.24182981856572267
2429,0.0085,9999999999,0.001,200,19.148571428571415,0.16276285714285704,-2.861807122571898e-09,-0.00045535714285714504,0.2123074971381928
2430,0.0085,9999999999,0.001,200,27.148571428571415,0.23076285714285705,-2.8603302402860366e-09,0.0010625,0.2818253542825268
2431,0.0085,9999999999,0.001,200,27.148571428571415,0.23076285714285705,-2.8588533580001746e-09,0.0,0.2807628542840037
2432,0.0085,9999999999,0.001,200,24.862857142857138,0.2113342857142857,-2.857500818571468e-09,-0.0003035714285714275,0.26103071142821344
2433,0.0085,9999999999,0.001,200,23.862857142857138,0.2028342857142857,-2.8562026791427663e-09,-0.0001328125,0.252701470358083
2434,0.0085,9999999999,0.001,200,24.005714285714276,0.20404857142857136,-2.8548967682854933e-09,1.897321428571375e-05,0.2540675417879603
2435,0.0085,9999999999,0.001,200,22.291428571428554,0.18947714285714273,-2.8536841145710864e-09,-0.00022767857142857252,0.23924946143203002
2436,0.0085,9999999999,0.001,200,23.005714285714276,0.19554857142857138,-2.852432603713818e-09,9.486607142857251e-05,0.24564343464756738
2437,0.0085,9999999999,0.001,200,30.57714285714286,0.25990571428571435,-2.8507692071422234e-09,0.0010055803571428587,0.310911291792088
2438,0.0085,9999999999,0.001,200,26.005714285714276,0.22104857142857137,-2.849354496284939e-09,-0.0006071428571428588,0.270441425722074
2439,0.0085,9999999999,0.001,200,23.148571428571415,0.19676285714285704,-2.8480952139990986e-09,-0.00037946428571428636,0.24638339000904758
2440,0.0085,9999999999,0.001,200,31.148571428571415,0.264762857142857,-2.846400731713215e-09,0.0010625,0.3158253542964563
2441,0.0085,9999999999,0.001,200,20.57714285714286,0.17490571428571433,-2.845281335141674e-09,-0.001404017857142855,0.22350169358329014
2442,0.0085,9999999999,0.001,200,23.148571428571415,0.19676285714285704,-2.844022052855834e-09,0.000341517857142855,0.24710437215597786
2443,0.0085,9999999999,0.001,200,20.862857142857138,0.1773342857142857,-2.8428871134271487e-09,-0.0003035714285714275,0.22703071144282716
2444,0.0085,9999999999,0.001,200,20.005714285714276,0.17004857142857135,-2.841798802569897e-09,-0.00011383928571428626,0.21993472930105828
2445,0.0085,9999999999,0.001,200,14.148571428571415,0.12026285714285703,-2.841029120284106e-09,-0.0007779017857142863,0.16948495251611362
2446,0.0085,9999999999,0.001,200,19.43428571428572,0.16519142857142866,-2.8399718951411434e-09,0.0007020089285714313,0.2158934346600282
2447,0.0085,9999999999,0.001,200,21.72,0.18462,-2.838790327141025e-09,0.0003035714285714275,0.23492356858978114
2448,0.0085,9999999999,0.001,200,17.72,0.15062,-2.837826359140929e-09,-0.00053125,0.20008874716217362
2449,0.0085,9999999999,0.001,200,16.291428571428554,0.13847714285714272,-2.836940105426554e-09,-0.00018973214285714502,0.1882874078773455
2450,0.0085,9999999999,0.001,200,16.57714285714286,0.14090571428571433,-2.8360383088550354e-09,3.794642857143127e-05,0.19094365787824746
2451,0.0085,9999999999,0.001,200,6.57714285714286,0.055905714285714316,-2.8356805122835713e-09,-0.001328125,0.10457758645003382
2452,0.0085,9999999999,0.001,200,17.148571428571415,0.14576285714285703,-2.8347476299977637e-09,0.001404017857142855,0.19716687216525225
2453,0.0085,9999999999,0.001,200,13.434285714285721,0.11419142857142864,-2.8340168048548338e-09,-0.0004933035714285688,0.16369812216598328
2454,0.0085,9999999999,0.001,200,12.57714285714286,0.10690571428571431,-2.833332608283337e-09,-0.00011383928571428626,0.1567918721666674
2455,0.0085,9999999999,0.001,200,10.005714285714276,0.08504857142857136,-2.83278829742614e-09,-0.0003415178571428588,0.1347070507386402
2456,0.0085,9999999999,0.001,200,12.862857142857138,0.10933428571428568,-2.8320885579974984e-09,0.00037946428571428636,0.1597137471679114
2457,0.0085,9999999999,0.001,200,12.005714285714276,0.10204857142857136,-2.8314354471402907e-09,-0.00011383928571428626,0.15193472931142163
2458,0.0085,9999999999,0.001,200,8.291428571428554,0.07047714285714271,-2.83098439342596e-09,-0.0004933035714285726,0.11998383645472975
2459,0.0085,9999999999,0.001,200,12.291428571428554,0.10447714285714271,-2.830315739711607e-09,0.00053125,0.15500839002682698
2460,0.0085,9999999999,0.001,200,4.57714285714286,0.038905714285714314,-2.8300667431401537e-09,-0.0010245535714285688,0.087881157884219
2461,0.0085,9999999999,0.001,200,6.291428571428554,0.053477142857142716,-2.8297244894258336e-09,0.00022767857142856875,0.1037048185988468
2462,0.0085,9999999999,0.001,200,6.0057142857142765,0.05104857142857135,-2.829397778568658e-09,-3.79464285714275e-05,0.10101062217060215
2463,0.0085,9999999999,0.001,200,2.8628571428571377,0.024334285714285673,-2.829242039140071e-09,-0.00041741071428571375,0.07391687217075793
2464,0.0085,9999999999,0.001,200,4.0057142857142765,0.03404857142857135,-2.8290241282829064e-09,0.00015178571428571376,0.08420035431383294
2465,0.0085,9999999999,0.001,200,4.291428571428554,0.036477142857142715,-2.8287906745685975e-09,3.79464285714275e-05,0.08651508645692346
2466,0.0085,9999999999,0.001,200,4.862857142857138,0.04133428571428567,-2.82852613514e-09,7.589285714285876e-05,0.09141017574290239
2467,0.0085,9999999999,0.001,200,-0.28000000000000114,-0.0023800000000000097,-2.828541367140001e-09,-0.0006830357142857138,0.04693696145717291
2468,0.0085,9999999999,0.001,200,0.5771428571428601,0.004905714285714311,-2.8285099705685695e-09,0.00011383928571428626,0.05501955074291863
2469,0.0085,9999999999,0.001,200,-1.42285714285714,-0.012094285714285691,-2.828587373997148e-09,-0.000265625,0.03764008645712694
2470,0.0085,9999999999,0.001,200,3.719999999999999,0.031619999999999995,-2.828385005997128e-09,0.0006830357142857138,0.08230303288590071
2471,0.0085,9999999999,0.001,200,1.1485714285714153,0.00976285714285703,-2.8283225237114073e-09,-0.0003415178571428588,0.05942133645739165
2472,0.0085,9999999999,0.001,200,-2.708571428571446,-0.023022857142857293,-2.8284698699971366e-09,-0.0005122767857142864,0.02646486324295855
2473,0.0085,9999999999,0.001,200,-3.42285714285714,-0.02909428571428569,-2.828656073425727e-09,-9.486607142856874e-05,0.02081084538562967
2474,0.0085,9999999999,0.001,200,-0.28000000000000114,-0.0023800000000000097,-2.8286713054257278e-09,0.00041741071428571375,0.0480374078856144
2475,0.0085,9999999999,0.001,200,-2.5657142857142787,-0.02180857142857137,-2.828810880282885e-09,-0.0003035714285714275,0.027887854314046324
2476,0.0085,9999999999,0.001,200,-1.42285714285714,-0.012094285714285691,-2.828888283711464e-09,0.00015178571428571376,0.038057497171111745
2477,0.0085,9999999999,0.001,200,-2.280000000000001,-0.019380000000000012,-2.829012315711476e-09,-0.00011383928571428626,0.03050615788527339
2478,0.0085,9999999999,0.001,200,-5.708571428571446,-0.04852285714285729,-2.8293228619972216e-09,-0.00045535714285714504,0.0010217828849627061
2479,0.0085,9999999999,0.001,200,-2.8514285714285847,-0.02423714285714297,-2.8294779797115226e-09,0.00037946428571428636,0.02614231859909334
2480,0.0085,9999999999,0.001,200,-4.280000000000001,-0.03638000000000001,-2.829710811711546e-09,-0.00018973214285714126,0.01343026502743204
2481,0.0085,9999999999,0.001,200,-5.708571428571446,-0.04852285714285729,-2.830021357997291e-09,-0.00018973214285714502,0.0012874078842642078
2482,0.0085,9999999999,0.001,200,-9.42285714285714,-0.0800942857142857,-2.830533961425914e-09,-0.0004933035714285688,-0.03058759211624823
2483,0.0085,9999999999,0.001,200,-6.42285714285714,-0.05459428571428569,-2.83088336485452e-09,0.00039843750000000003,-0.0041958510451690564
2484,0.0085,9999999999,0.001,200,-5.137142857142862,-0.043665714285714335,-2.8311628254259774e-09,0.0001707589285714275,0.00650504181169427
2485,0.0085,9999999999,0.001,200,-2.280000000000001,-0.019380000000000012,-2.8312868574259894e-09,0.00037946428571428636,0.03099946145442742
2486,0.0085,9999999999,0.001,200,-7.280000000000001,-0.06188000000000001,-2.831682889426029e-09,-0.0006640625,-0.012544065331682897
2487,0.0085,9999999999,0.001,200,-6.851428571428585,-0.05823714285714297,-2.8320556071403518e-09,5.6919642857141247e-05,-0.008180226046341436
2488,0.0085,9999999999,0.001,200,-4.280000000000001,-0.03638000000000001,-2.8322884391403753e-09,0.0003415178571428588,0.013961515024854411
2489,0.0085,9999999999,0.001,200,-7.137142857142862,-0.06066571428571434,-2.8326766997118425e-09,-0.00037946428571428636,-0.01104518140410532
2490,0.0085,9999999999,0.001,200,-7.9942857142857235,-0.06795142857142865,-2.833111588854743e-09,-0.00011383928571428626,-0.01806527069025453
2491,0.0085,9999999999,0.001,200,-6.565714285714279,-0.055808571428571374,-2.8334687637119213e-09,0.00018973214285714502,-0.005618842119182989
2492,0.0085,9999999999,0.001,200,-9.708571428571446,-0.0825228571428573,-2.833996909997689e-09,-0.00041741071428571755,-0.03294027069113993
2493,0.0085,9999999999,0.001,200,-8.565714285714279,-0.07280857142857138,-2.8344628848548783e-09,0.00015178571428571753,-0.022656788548748544
2494,0.0085,9999999999,0.001,200,-8.851428571428585,-0.07523714285714297,-2.834944402569212e-09,-3.794642857143127e-05,-0.0252750921206588
2495,0.0085,9999999999,0.001,200,-8.851428571428585,-0.07523714285714297,-2.8354259202835455e-09,0.0,-0.025237145692568894
2496,0.0085,9999999999,0.001,200,-8.851428571428585,-0.07523714285714297,-2.8359074379978794e-09,0.0,-0.02523714569305041
2497,0.0085,9999999999,0.001,200,-14.280000000000001,-0.12138000000000002,-2.836684269997957e-09,-0.0007209821428571413,-0.07210098497954143
2498,0.0085,9999999999,0.001,200,-9.994285714285724,-0.08495142857142865,-2.837227959140868e-09,0.0005691964285714275,-0.03438223498008518
2499,0.0085,9999999999,0.001,200,-11.137142857142862,-0.09466571428571434,-2.8378338197123574e-09,-0.00015178571428571376,-0.04481750283783387
2500,0.0085,9999999999,0.001,200,-10.565714285714279,-0.08980857142857138,-2.8384085945695575e-09,7.589285714285876e-05,-0.0397326814098371
2501,0.0085,9999999999,0.001,200,-9.994285714285724,-0.08495142857142865,-2.838952283712469e-09,7.5892857142855e-05,-0.03487553855323808
2502,0.0085,9999999999,0.001,200,-10.851428571428585,-0.09223714285714298,-2.8395426014268137e-09,-0.00011383928571428626,-0.042350984982399864
2503,0.0085,9999999999,0.001,200,-11.137142857142862,-0.09466571428571434,-2.8401484619983035e-09,-3.79464285714275e-05,-0.044703663554434225
2504,0.0085,9999999999,0.001,200,-13.994285714285724,-0.11895142857142865,-2.8409097511412365e-09,-0.00037946428571428636,-0.06933089569805269
2505,0.0085,9999999999,0.001,200,-9.994285714285724,-0.08495142857142865,-2.8414534402841477e-09,0.00053125,-0.034420181412882084
2506,0.0085,9999999999,0.001,200,-9.708571428571446,-0.0825228571428573,-2.841981586569915e-09,3.79464285714275e-05,-0.03248491355626745
2507,0.0085,9999999999,0.001,200,-14.280000000000001,-0.12138000000000002,-2.8427584185699923e-09,-0.000607142857142855,-0.07198714569990129
2508,0.0085,9999999999,0.001,200,-8.994285714285724,-0.07645142857142866,-2.8432477077128986e-09,0.0007020089285714275,-0.025749422486104928
2509,0.0085,9999999999,0.001,200,-11.994285714285724,-0.10195142857142865,-2.8439001968558213e-09,-0.00039843750000000003,-0.05234986891532885
2510,0.0085,9999999999,0.001,200,-11.994285714285724,-0.10195142857142865,-2.844552685998743e-09,0.0,-0.05195143141598134
2511,0.0085,9999999999,0.001,200,-8.280000000000001,-0.07038000000000001,-2.8450031179987885e-09,0.0004933035714285726,-0.01988669927357456
2512,0.0085,9999999999,0.001,200,-12.851428571428585,-0.10923714285714298,-2.845702235713144e-09,-0.0006071428571428588,-0.059844288559988065
2513,0.0085,9999999999,0.001,200,-12.280000000000001,-0.10438000000000001,-2.846370267713211e-09,7.589285714285876e-05,-0.05430410998922741
2514,0.0085,9999999999,0.001,200,-5.9942857142857235,-0.050951428571428654,-2.8466963568561003e-09,0.0008348214285714275,-0.0001166099895535816
2515,0.0085,9999999999,0.001,200,-6.565714285714279,-0.055808571428571374,-2.8470535317132795e-09,-7.5892857142855e-05,-0.0058844671327677595
2516,0.0085,9999999999,0.001,200,-12.851428571428585,-0.10923714285714298,-2.847752649427635e-09,-0.0008348214285714313,-0.06007196713346705
2517,0.0085,9999999999,0.001,200,-9.708571428571446,-0.0825228571428573,-2.848280795713402e-09,0.00041741071428571375,-0.03210544927685238
2518,0.0085,9999999999,0.001,200,-15.280000000000001,-0.12988000000000002,-2.8491120277134846e-09,-0.000739955357142855,-0.08061995820625491
2519,0.0085,9999999999,0.001,200,-11.708571428571446,-0.0995228571428573,-2.8497489739992625e-09,0.000474330357142855,-0.049048529635463425
2520,0.0085,9999999999,0.001,200,-9.137142857142862,-0.07766571428571434,-2.850246034570741e-09,0.0003415178571428588,-0.027324199278817518
2521,0.0085,9999999999,0.001,200,-6.851428571428585,-0.05823714285714297,-2.850618752285064e-09,0.0003035714285714275,-0.007933574279190295
2522,0.0085,9999999999,0.001,200,-10.851428571428585,-0.09223714285714298,-2.8512090699994085e-09,-0.00053125,-0.042768395708352044
2523,0.0085,9999999999,0.001,200,-5.137142857142862,-0.043665714285714335,-2.851488530570865e-09,0.0007589285714285727,0.007093211434225706
2524,0.0085,9999999999,0.001,200,-8.280000000000001,-0.07038000000000001,-2.8519389625709103e-09,-0.00041741071428571375,-0.02079741356622468
2525,0.0085,9999999999,0.001,200,-4.280000000000001,-0.03638000000000001,-2.8521717945709335e-09,0.00053125,0.014151247147828193
2526,0.0085,9999999999,0.001,200,-5.280000000000001,-0.04488000000000001,-2.8524590265709624e-09,-0.0001328125,0.004987184647540964
2527,0.0085,9999999999,0.001,200,-8.994285714285724,-0.07645142857142866,-2.8529483157138687e-09,-0.0004933035714285726,-0.026944734995805547
2528,0.0085,9999999999,0.001,200,-2.280000000000001,-0.019380000000000012,-2.8530723477138807e-09,0.0008917410714285727,0.03151173821835622
2529,0.0085,9999999999,0.001,200,-0.8514285714285847,-0.0072371428571429705,-2.853118665428171e-09,0.00018973214285714126,0.04295258643259551
2530,0.0085,9999999999,0.001,200,4.0057142857142765,0.03404857142857135,-2.8529007545710064e-09,0.0006450892857142863,0.08469365786138489
2531,0.0085,9999999999,0.001,200,-2.5657142857142787,-0.02180857142857137,-2.8530403294281638e-09,-0.000872767857142855,0.027318657861245446
2532,0.0085,9999999999,0.001,200,3.4342857142857213,0.029191428571428632,-2.8528535042852878e-09,0.0007968750000000001,0.07998830071857513
2533,0.0085,9999999999,0.001,200,3.4342857142857213,0.029191428571428632,-2.8526666791424126e-09,0.0,0.07919142571876195
2534,0.0085,9999999999,0.001,200,5.148571428571415,0.043762857142857034,-2.85238659685667e-09,0.00022767857142856875,0.09399053286189901
2535,0.0085,9999999999,0.001,200,1.1485714285714153,0.00976285714285703,-2.8523241145709494e-09,-0.00053125,0.05923160429053292
2536,0.0085,9999999999,0.001,200,6.862857142857138,0.05833428571428567,-2.851950775142341e-09,0.0007589285714285727,0.10909321143376347
2537,0.0085,9999999999,0.001,200,8.57714285714286,0.07290571428571431,-2.8514841785708658e-09,0.00022767857142857252,0.1231333900056587
2538,0.0085,9999999999,0.001,200,8.434285714285721,0.07169142857142864,-2.851025353427962e-09,-1.897321428571375e-05,0.12167245250611756
2539,0.0085,9999999999,0.001,200,5.719999999999999,0.04862,-2.8507141854279314e-09,-0.00036049107142857253,0.09825950607785724
2540,0.0085,9999999999,0.001,200,4.0057142857142765,0.03404857142857135,-2.850496274570767e-09,-0.00022767857142857252,0.0838208900066465
2541,0.0085,9999999999,0.001,200,-1.1371428571428623,-0.009665714285714331,-2.8505581351422016e-09,-0.0006830357142857138,0.03965124714944182
2542,0.0085,9999999999,0.001,200,6.57714285714286,0.055905714285714316,-2.8502003385707376e-09,0.0010245535714285727,0.10693026500694255
2543,0.0085,9999999999,0.001,200,5.148571428571415,0.043762857142857034,-2.849920256284995e-09,-0.00018973214285714502,0.09357312215007962
2544,0.0085,9999999999,0.001,200,5.434285714285721,0.04619142857142863,-2.849624631142108e-09,3.794642857143127e-05,0.09622937215037544
2545,0.0085,9999999999,0.001,200,0.29142857142855405,0.0024771428571427096,-2.8496087774278207e-09,-0.0006830357142857176,0.05179410429324822
2546,0.0085,9999999999,0.001,200,8.57714285714286,0.07290571428571431,-2.8491421808563455e-09,0.0011004464285714313,0.12400615786514356
2547,0.0085,9999999999,0.001,200,7.434285714285721,0.06319142857142863,-2.8487377557134485e-09,-0.00015178571428571376,0.11303964000840516
2548,0.0085,9999999999,0.001,200,13.434285714285721,0.11419142857142864,-2.8480069305705186e-09,0.0007968750000000001,0.16498830072342172
2549,0.0085,9999999999,0.001,200,6.0057142857142765,0.05104857142857135,-2.8476802197133426e-09,-0.0009866071428571452,0.100061961438034
2550,0.0085,9999999999,0.001,200,2.8628571428571377,0.024334285714285673,-2.847524480284756e-09,-0.00041741071428571375,0.07391687215247549
2551,0.0085,9999999999,0.001,200,3.719999999999999,0.031619999999999995,-2.8473221122847354e-09,0.00011383928571428626,0.08173383643839216
2552,0.0085,9999999999,0.001,200,4.291428571428554,0.036477142857142715,-2.8470886585704265e-09,7.5892857142855e-05,0.08655303286719693
2553,0.0085,9999999999,0.001,200,0.29142857142855405,0.0024771428571427096,-2.847072804856139e-09,-0.00053125,0.051945890010069905
2554,0.0085,9999999999,0.001,200,1.8628571428571377,0.015834285714285672,-2.846971465427558e-09,0.00020870535714285877,0.06604298822445707
2555,0.0085,9999999999,0.001,200,-2.280000000000001,-0.019380000000000012,-2.84709549742757e-09,-0.0005502232142857138,0.03006977393861878
2556,0.0085,9999999999,0.001,200,-4.280000000000001,-0.03638000000000001,-2.8473283294275932e-09,-0.000265625,0.013354372152671663
2557,0.0085,9999999999,0.001,200,-6.280000000000001,-0.05338000000000001,-2.8476699614276275e-09,-0.000265625,-0.0036456278476699674
2558,0.0085,9999999999,0.001,200,-2.8514285714285847,-0.02423714285714297,-2.8478250791419284e-09,0.00045535714285714136,0.026218211437889095
2559,0.0085,9999999999,0.001,200,-4.280000000000001,-0.03638000000000001,-2.8480579111419516e-09,-0.00018973214285714126,0.013430265009084938
2560,0.0085,9999999999,0.001,200,-0.5657142857142787,-0.0048085714285713696,-2.8480886859990978e-09,0.0004933035714285726,0.04568472929476852
2561,0.0085,9999999999,0.001,200,-2.280000000000001,-0.019380000000000012,-2.84821271799911e-09,-0.00022767857142857252,0.0303923185803587
2562,0.0085,9999999999,0.001,200,-5.42285714285714,-0.04609428571428569,-2.8485077214277107e-09,-0.00041741071428571375,0.0034883007229208757
2563,0.0085,9999999999,0.001,200,-8.280000000000001,-0.07038000000000001,-2.8489581534277557e-09,-0.00037946428571428636,-0.020759467134672444
2564,0.0085,9999999999,0.001,200,-8.851428571428585,-0.07523714285714297,-2.849439671142089e-09,-7.589285714285876e-05,-0.025313038563725507
2565,0.0085,9999999999,0.001,200,-8.137142857142862,-0.06916571428571433,-2.8498823317135625e-09,9.486607142857251e-05,-0.019070851064168087
2566,0.0085,9999999999,0.001,200,-10.280000000000001,-0.08738000000000001,-2.8504415637136185e-09,-0.00028459821428571374,-0.037664601064727285
2567,0.0085,9999999999,0.001,200,-13.708571428571446,-0.1165228571428573,-2.8511873099994075e-09,-0.00045535714285714504,-0.06697821713690176
2568,0.0085,9999999999,0.001,200,-12.280000000000001,-0.10438000000000001,-2.8518553419994742e-09,0.00018973214285714502,-0.054190270708998206
2569,0.0085,9999999999,0.001,200,-9.994285714285724,-0.08495142857142865,-2.8523990311423855e-09,0.0003035714285714275,-0.03464785999525624
2570,0.0085,9999999999,0.001,200,-12.565714285714279,-0.10680857142857138,-2.8530826059995966e-09,-0.000341517857142855,-0.057150092138796835
2571,0.0085,9999999999,0.001,200,-9.42285714285714,-0.0800942857142857,-2.8535952094282194e-09,0.00041741071428571375,-0.0296768778535952
2572,0.0085,9999999999,0.001,200,-11.708571428571446,-0.0995228571428573,-2.8542321557139972e-09,-0.00030357142857143137,-0.049826431425660886
2573,0.0085,9999999999,0.001,200,-13.708571428571446,-0.1165228571428573,-2.8549779019997866e-09,-0.000265625,-0.06678848499783521
2574,0.0085,9999999999,0.001,200,-13.708571428571446,-0.1165228571428573,-2.8557236482855756e-09,0.0,-0.06652285999858094
2575,0.0085,9999999999,0.001,200,-15.42285714285714,-0.1310942857142857,-2.856562651714231e-09,-0.00022767857142856875,-0.08132196714227692
2576,0.0085,9999999999,0.001,200,-16.28,-0.13838000000000003,-2.8574482837143194e-09,-0.00011383928571428626,-0.0884938421431626
2577,0.0085,9999999999,0.001,200,-16.28,-0.13838000000000003,-2.858333915714408e-09,0.0,-0.08838000285833393
2578,0.0085,9999999999,0.001,200,-19.708571428571446,-0.1675228571428573,-2.85940606200023e-09,-0.00045535714285714504,-0.11797821714512051
2579,0.0085,9999999999,0.001,200,-17.42285714285714,-0.1480942857142857,-2.8603538654288957e-09,0.00030357142857143137,-0.09779071714606814
2580,0.0085,9999999999,0.001,200,-19.42285714285714,-0.1650942857142857,-2.8614104688575728e-09,-0.000265625,-0.11535991357569615
2581,0.0085,9999999999,0.001,200,-18.28,-0.15538000000000002,-2.862404900857672e-09,0.00015178571428571376,-0.10522821714811921
2582,0.0085,9999999999,0.001,200,-21.708571428571446,-0.1845228571428573,-2.863585847143504e-09,-0.00045535714285714504,-0.13497821714930025
2583,0.0085,9999999999,0.001,200,-20.28,-0.17238000000000003,-2.8646890791436145e-09,0.00018973214285714502,-0.12219027072183196
2584,0.0085,9999999999,0.001,200,-19.56571428571428,-0.1663085714285714,-2.8657534540008636e-09,9.486607142857251e-05,-0.11621370822289627
2585,0.0085,9999999999,0.001,200,-17.42285714285714,-0.1480942857142857,-2.8667012574295295e-09,0.00028459821428571374,-0.09780969036670124
2586,0.0085,9999999999,0.001,200,-15.994285714285724,-0.13595142857142867,-2.867571346572474e-09,0.00018973214285714126,-0.08576169929614287
2587,0.0085,9999999999,0.001,200,-19.708571428571446,-0.1675228571428573,-2.868643492858296e-09,-0.0004933035714285726,-0.11801616358292936
2588,0.0085,9999999999,0.001,200,-21.994285714285724,-0.18695142857142866,-2.869839982001272e-09,-0.0003035714285714275,-0.13725500286984005
2589,0.0085,9999999999,0.001,200,-24.851428571428585,-0.21123714285714298,-2.871191899715693e-09,-0.00037946428571428636,-0.16161661001404914
2590,0.0085,9999999999,0.001,200,-20.28,-0.17238000000000003,-2.872295131715804e-09,0.0006071428571428588,-0.12177286001515229
2591,0.0085,9999999999,0.001,200,-25.137142857142862,-0.21366571428571435,-2.8736625922873686e-09,-0.0006450892857142863,-0.16431080644509122
2592,0.0085,9999999999,0.001,200,-21.137142857142862,-0.17966571428571435,-2.8748124528589123e-09,0.00053125,-0.1291344671605268
2593,0.0085,9999999999,0.001,200,-23.137142857142862,-0.19666571428571433,-2.8760711134304666e-09,-0.000265625,-0.14693134216178544
2594,0.0085,9999999999,0.001,200,-19.994285714285724,-0.16995142857142867,-2.8771588025734326e-09,0.00041741071428571375,-0.11953402073430174
2595,0.0085,9999999999,0.001,200,-23.994285714285724,-0.20395142857142867,-2.8784640917164203e-09,-0.00053125,-0.15448268144989274
2596,0.0085,9999999999,0.001,200,-22.56571428571428,-0.19180857142857138,-2.8796916665736858e-09,0.00018973214285714502,-0.14161884216540593
2597,0.0085,9999999999,0.001,200,-37.56571428571428,-0.3193085714285714,-2.881735241431033e-09,-0.0019921875,-0.27130076181030666
2598,0.0085,9999999999,0.001,200,-25.137142857142862,-0.21366571428571435,-2.883102702002598e-09,0.0016506696428571414,-0.1620150475259599
2599,0.0085,9999999999,0.001,200,-23.137142857142862,-0.19666571428571433,-2.884361362574153e-09,0.000265625,-0.1464000921700757
2600,0.0085,9999999999,0.001,200,-21.994285714285724,-0.18695142857142866,-2.8855578517171296e-09,0.00015178571428571376,-0.13679964574270082
2601,0.0085,9999999999,0.001,200,-21.708571428571446,-0.1845228571428573,-2.8867387980029618e-09,3.79464285714275e-05,-0.13448491360102466
2602,0.0085,9999999999,0.001,200,-19.994285714285724,-0.16995142857142867,-2.8878264871459273e-09,0.00022767857142857252,-0.11972375288782656
2603,0.0085,9999999999,0.001,200,-22.56571428571428,-0.19180857142857138,-2.889054062003193e-09,-0.000341517857142855,-0.14215009217476826
2604,0.0085,9999999999,0.001,200,-23.42285714285714,-0.1990942857142857,-2.8903282654318916e-09,-0.00011383928571428626,-0.14920812789032822
2605,0.0085,9999999999,0.001,200,-29.994285714285724,-0.25495142857142866,-2.8919599545749122e-09,-0.0008727678571428588,-0.20582419932053148
2606,0.0085,9999999999,0.001,200,-24.851428571428585,-0.21123714285714298,-2.8933118722893333e-09,0.0006830357142857138,-0.16055411003616915
2607,0.0085,9999999999,0.001,200,-23.42285714285714,-0.1990942857142857,-2.894586075718032e-09,0.00018973214285714502,-0.14890455646601464
2608,0.0085,9999999999,0.001,200,-20.851428571428585,-0.17723714285714298,-2.895720393432431e-09,0.000341517857142855,-0.1268956278957205
2609,0.0085,9999999999,0.001,200,-24.56571428571428,-0.20880857142857137,-2.8970567682897075e-09,-0.0004933035714285688,-0.1593018778970567
2610,0.0085,9999999999,0.001,200,-20.851428571428585,-0.17723714285714298,-2.8981910860041063e-09,0.0004933035714285688,-0.1267438421839055
2611,0.0085,9999999999,0.001,200,-21.994285714285724,-0.18695142857142866,-2.8993875751470834e-09,-0.00015178571428571376,-0.13710321718510193
2612,0.0085,9999999999,0.001,200,-17.137142857142862,-0.14566571428571434,-2.900319835718605e-09,0.0006450892857142863,-0.09502062790031991
2613,0.0085,9999999999,0.001,200,-20.28,-0.17238000000000003,-2.901423067718715e-09,-0.00041741071428571375,-0.12279741361570883
2614,0.0085,9999999999,0.001,200,-21.42285714285714,-0.1820942857142857,-2.9025884711474033e-09,-0.00015178571428571376,-0.13224607433115987
2615,0.0085,9999999999,0.001,200,-20.28,-0.17238000000000003,-2.9036917031475137e-09,0.00015178571428571376,-0.12222821718940603
2616,0.0085,9999999999,0.001,200,-27.994285714285724,-0.23795142857142867,-2.905214592290523e-09,-0.0010245535714285727,-0.18897598504807184
2617,0.0085,9999999999,0.001,200,-21.42285714285714,-0.1820942857142857,-2.9063799957192113e-09,0.0008727678571428588,-0.13122152076352284
2618,0.0085,9999999999,0.001,200,-18.56571428571428,-0.15780857142857138,-2.907389970576455e-09,0.00037946428571428636,-0.10742911005024706
2619,0.0085,9999999999,0.001,200,-17.994285714285724,-0.15295142857142865,-2.9083688597194103e-09,7.5892857142855e-05,-0.10287553862265465
2620,0.0085,9999999999,0.001,200,-18.28,-0.15538000000000002,-2.9093632917195095e-09,-3.79464285714275e-05,-0.10541794933793473
2621,0.0085,9999999999,0.001,200,-17.56571428571428,-0.14930857142857137,-2.9103188665767483e-09,9.486607142857251e-05,-0.09921370826746166
2622,0.0085,9999999999,0.001,200,-17.708571428571446,-0.1505228571428573,-2.9112822128625586e-09,-1.8973214285717523e-05,-0.10054183326842521
2623,0.0085,9999999999,0.001,200,-18.28,-0.15538000000000002,-2.912276644862658e-09,-7.5892857142855e-05,-0.10545589576941951
2624,0.0085,9999999999,0.001,200,-16.56571428571428,-0.14080857142857137,-2.913177819719891e-09,0.00022767857142857252,-0.0905808957703206
2625,0.0085,9999999999,0.001,200,-13.137142857142862,-0.11166571428571434,-2.9138924802913905e-09,0.00045535714285714136,-0.061210360056749666
2626,0.0085,9999999999,0.001,200,-15.137142857142862,-0.12866571428571433,-2.9147159408629013e-09,-0.000265625,-0.07893134220043026
2627,0.0085,9999999999,0.001,200,-15.42285714285714,-0.1310942857142857,-2.915554944291557e-09,-3.79464285714275e-05,-0.08113223505841206
2628,0.0085,9999999999,0.001,200,-11.708571428571446,-0.0995228571428573,-2.9161918905773352e-09,0.0004933035714285688,-0.04902955648762061
2629,0.0085,9999999999,0.001,200,-14.565714285714279,-0.12380857142857138,-2.916984265434557e-09,-0.0003794642857142825,-0.07418803863126992
2630,0.0085,9999999999,0.001,200,-12.280000000000001,-0.10438000000000001,-2.917652297434624e-09,0.0003035714285714275,-0.05407643148908088
2631,0.0085,9999999999,0.001,200,-13.137142857142862,-0.11166571428571434,-2.9183669580061236e-09,-0.00011383928571428626,-0.06177955648979559
2632,0.0085,9999999999,0.001,200,-4.280000000000001,-0.03638000000000001,-2.918599790006147e-09,0.0011763392857142864,0.014796336367114485
2633,0.0085,9999999999,0.001,200,-9.708571428571446,-0.0825228571428573,-2.919127936291914e-09,-0.0007209821428571451,-0.03324384220484239
2634,0.0085,9999999999,0.001,200,-9.42285714285714,-0.0800942857142857,-2.9196405397205366e-09,3.794642857143127e-05,-0.030056342205354816
2635,0.0085,9999999999,0.001,200,-10.565714285714279,-0.08980857142857138,-2.920215314577737e-09,-0.00015178571428571376,-0.03996036006307241
2636,0.0085,9999999999,0.001,200,-18.137142857142862,-0.15416571428571435,-2.9212019751492643e-09,-0.0010055803571428587,-0.10517129756405917
2637,0.0085,9999999999,0.001,200,-13.137142857142862,-0.11166571428571434,-2.921916635720764e-09,0.0006640625,-0.06100165470763097
2638,0.0085,9999999999,0.001,200,-12.565714285714279,-0.10680857142857138,-2.9226002105779752e-09,7.589285714285876e-05,-0.05673268149402873
2639,0.0085,9999999999,0.001,200,-7.9942857142857235,-0.06795142857142865,-2.9230350997208753e-09,0.000607142857142855,-0.01734428863732089
2640,0.0085,9999999999,0.001,200,-9.137142857142862,-0.07766571428571434,-2.923532160292354e-09,-0.00015178571428571376,-0.027817502923532217
2641,0.0085,9999999999,0.001,200,-5.851428571428585,-0.04973714285714297,-2.923850478006671e-09,0.0004363839285714275,0.0006992381475779755
2642,0.0085,9999999999,0.001,200,-6.851428571428585,-0.05823714285714297,-2.9242231957209945e-09,-0.0001328125,-0.00836995828136617
2643,0.0085,9999999999,0.001,200,-6.280000000000001,-0.05338000000000001,-2.924564827721028e-09,7.589285714285876e-05,-0.0033041100674219767
2644,0.0085,9999999999,0.001,200,-8.851428571428585,-0.07523714285714297,-2.925046345435362e-09,-0.0003415178571428588,-0.025578663639332172
2645,0.0085,9999999999,0.001,200,-7.9942857142857235,-0.06795142857142865,-2.9254812345782623e-09,0.00011383928571428626,-0.017837592211195588
2646,0.0085,9999999999,0.001,200,4.148571428571415,0.03526285714285703,-2.9252555522925254e-09,0.001612723214285714,0.0868755774318872
2647,0.0085,9999999999,0.001,200,-10.851428571428585,-0.09223714285714298,-2.9258458700068703e-09,-0.0019921875,-0.04422933328298885
2648,0.0085,9999999999,0.001,200,-6.280000000000001,-0.05338000000000001,-2.926187502006904e-09,0.0006071428571428588,-0.002772860069044647
2649,0.0085,9999999999,0.001,200,-9.137142857142862,-0.07766571428571434,-2.926684562578382e-09,-0.00037946428571428636,-0.028045181498113178
2650,0.0085,9999999999,0.001,200,-6.565714285714279,-0.055808571428571374,-2.9270417374355608e-09,0.0003415178571428588,-0.005467056498470249
2651,0.0085,9999999999,0.001,200,-10.280000000000001,-0.08738000000000001,-2.927600969435617e-09,-0.0004933035714285726,-0.03787330649902955
2652,0.0085,9999999999,0.001,200,-6.565714285714279,-0.055808571428571374,-2.9279581442927955e-09,0.0004933035714285726,-0.0053152707851009465
2653,0.0085,9999999999,0.001,200,-3.708571428571446,-0.03152285714285729,-2.9281598905785298e-09,0.0003794642857142825,0.018856604214697106
2654,0.0085,9999999999,0.001,200,-4.565714285714279,-0.03880857142857137,-2.9284082654356974e-09,-0.00011383928571428249,0.011077586357306081
2655,0.0085,9999999999,0.001,200,-2.8514285714285847,-0.02423714285714297,-2.928563383149998e-09,0.00022767857142856875,0.025990532785722217
2656,0.0085,9999999999,0.001,200,-6.851428571428585,-0.05823714285714297,-2.9289361008643215e-09,-0.00053125,-0.008768395786079068
2657,0.0085,9999999999,0.001,200,-4.565714285714279,-0.03880857142857137,-2.9291844757214886e-09,0.00030357142857143137,0.011494997070815582
2658,0.0085,9999999999,0.001,200,-18.28,-0.15538000000000002,-2.930178907721588e-09,-0.0018214285714285726,-0.1072014315016075
2659,0.0085,9999999999,0.001,200,-2.280000000000001,-0.019380000000000012,-2.9303029397216003e-09,0.002125,0.03274499706969705
2660,0.0085,9999999999,0.001,200,-1.708571428571446,-0.014522857142857292,-2.930395886007324e-09,7.5892857142855e-05,0.03555303278388968
2661,0.0085,9999999999,0.001,200,2.291428571428554,0.01947714285714271,-2.930271232293026e-09,0.00053125,0.07000838992687147
2662,0.0085,9999999999,0.001,200,-0.28000000000000114,-0.0023800000000000097,-2.9302864642930274e-09,-0.000341517857142855,0.047278479212570675
2663,0.0085,9999999999,0.001,200,-0.5657142857142787,-0.0048085714285713696,-2.9303172391501732e-09,-3.79464285714275e-05,0.04515347921253997
2664,0.0085,9999999999,0.001,200,1.4342857142857213,0.012191428571428633,-2.9302392140073087e-09,0.000265625,0.06245705064118942
2665,0.0085,9999999999,0.001,200,1.1485714285714153,0.00976285714285703,-2.9301767317215883e-09,-3.794642857143127e-05,0.05972490778410887
2666,0.0085,9999999999,0.001,200,0.5771428571428601,0.004905714285714311,-2.9301453351501563e-09,-7.5892857142855e-05,0.05482981849842612
2667,0.0085,9999999999,0.001,200,1.7199999999999989,0.01461999999999999,-2.9300517671501465e-09,0.00015178571428571376,0.06477178278423394
2668,0.0085,9999999999,0.001,200,-3.1371428571428623,-0.02666571428571433,-2.9302224277215923e-09,-0.0006450892857142863,0.022689193498348956
2669,0.0085,9999999999,0.001,200,2.0057142857142765,0.01704857142857135,-2.9301133168644385e-09,0.0006830357142857138,0.06773160421274375
2670,0.0085,9999999999,0.001,200,4.862857142857138,0.04133428571428567,-2.9298487774358407e-09,0.00037946428571428636,0.09171374707015117
2671,0.0085,9999999999,0.001,200,2.4342857142857213,0.02069142857142863,-2.9297163522929705e-09,-0.00032254464285714135,0.07036888099885515
2672,0.0085,9999999999,0.001,200,-4.565714285714279,-0.03880857142857137,-2.9299647271501377e-09,-0.0009296875000000001,0.010261738141463903
2673,0.0085,9999999999,0.001,200,7.0057142857142765,0.059548571428571354,-2.929583616292957e-09,0.001536830357142855,0.11108539885613058
2674,0.0085,9999999999,0.001,200,6.0057142857142765,0.05104857142857135,-2.9292569054357815e-09,-0.0001328125,0.10091575599931445
2675,0.0085,9999999999,0.001,200,7.719999999999999,0.06562,-2.9288369374357393e-09,0.00022767857142857252,0.11584767564259163
2676,0.0085,9999999999,0.001,200,5.719999999999999,0.04862,-2.9285257694357085e-09,-0.000265625,0.09835437207147424
2677,0.0085,9999999999,0.001,200,5.434285714285721,0.04619142857142863,-2.928230144292822e-09,-3.79464285714275e-05,0.09615347921462707
2678,0.0085,9999999999,0.001,200,5.148571428571415,0.043762857142857034,-2.9279500620070796e-09,-3.794642857143127e-05,0.09372490778633555
2679,0.0085,9999999999,0.001,200,4.0057142857142765,0.03404857142857135,-2.927732151149915e-09,-0.00015178571428571376,0.08389678278655349
2680,0.0085,9999999999,0.001,200,5.434285714285721,0.04619142857142863,-2.9274365260070284e-09,0.00018973214285714502,0.09638115778684925
2681,0.0085,9999999999,0.001,200,8.57714285714286,0.07290571428571431,-2.9269699294355532e-09,0.00041741071428571375,0.12332312207303009
2682,0.0085,9999999999,0.001,200,8.005714285714276,0.06804857142857136,-2.9265344185783665e-09,-7.589285714285876e-05,0.11797267564489408
2683,0.0085,9999999999,0.001,200,10.005714285714276,0.08504857142857136,-2.9259901077211695e-09,0.000265625,0.13531419350258128
2684,0.0085,9999999999,0.001,200,10.57714285714286,0.08990571428571431,-2.9254147111496837e-09,7.589285714285876e-05,0.13998160421744246
2685,0.0085,9999999999,0.001,200,7.57714285714286,0.06440571428571432,-2.9250025145782134e-09,-0.00039843750000000003,0.1140072738607118
2686,0.0085,9999999999,0.001,200,6.291428571428554,0.053477142857142716,-2.924660260863894e-09,-0.00017075892857143127,0.10330638100391103
2687,0.0085,9999999999,0.001,200,1.291428571428554,0.01097714285714271,-2.924590007149601e-09,-0.0006640625,0.06031307743255271
2688,0.0085,9999999999,0.001,200,3.719999999999999,0.031619999999999995,-2.924387639149581e-09,0.00032254464285714503,0.0819425417184695
2689,0.0085,9999999999,0.001,200,5.148571428571415,0.043762857142857034,-2.9241075568638382e-09,0.00018973214285714126,0.09395258636160661
2690,0.0085,9999999999,0.001,200,5.719999999999999,0.04862,-2.9237963888638075e-09,7.589285714285876e-05,0.09869588993334646
2691,0.0085,9999999999,0.001,200,4.57714285714286,0.038905714285714314,-2.9235473922923537e-09,-0.00015178571428571376,0.0887539256478812
2692,0.0085,9999999999,0.001,200,6.0057142857142765,0.05104857142857135,-2.9232206814351785e-09,0.00018973214285714126,0.10123830064820782
2693,0.0085,9999999999,0.001,200,7.434285714285721,0.06319142857142863,-2.922816256292281e-09,0.00018973214285714502,0.11338115779146953
2694,0.0085,9999999999,0.001,200,9.148571428571415,0.07776285714285704,-2.922318574006517e-09,0.00022767857142856875,0.12799053279196704
2695,0.0085,9999999999,0.001,200,1.0057142857142765,0.00854857142857135,-2.922263863149369e-09,-0.0010814732142857139,0.05746709529202178
2696,0.0085,9999999999,0.001,200,3.1485714285714153,0.026762857142857033,-2.922092580863638e-09,0.00028459821428571374,0.07704745243505016
2697,0.0085,9999999999,0.001,200,0.5771428571428601,0.004905714285714311,-2.922061184292206e-09,-0.000341517857142855,0.054564193506510275
2698,0.0085,9999999999,0.001,200,1.1485714285714153,0.00976285714285703,-2.9219987020064854e-09,7.5892857142855e-05,0.059838747078001187
2699,0.0085,9999999999,0.001,200,4.862857142857138,0.04133428571428567,-2.9217341625778876e-09,0.0004933035714285726,0.09182758636398008
2700,0.0085,9999999999,0.001,200,0.14857142857141525,0.0012628571428570299,-2.9217260802921725e-09,-0.0006261160714285727,0.05063673814970238
2701,0.0085,9999999999,0.001,200,-2.42285714285714,-0.02059428571428569,-2.921857883720757e-09,-0.000341517857142855,0.029064193506713572
2702,0.0085,9999999999,0.001,200,0.005714285714276457,4.857142857134989e-05,-2.9218575728636143e-09,0.00032254464285714135,0.05037111314957092
2703,0.0085,9999999999,0.001,200,0.005714285714276457,4.857142857134989e-05,-2.921857262006471e-09,0.0,0.05004856850671409
2704,0.0085,9999999999,0.001,200,-1.708571428571446,-0.014522857142857292,-2.9219502082921948e-09,-0.00022767857142857252,0.03524946136376393
2705,0.0085,9999999999,0.001,200,-3.1371428571428623,-0.02666571428571433,-2.9221208688636406e-09,-0.00018973214285714126,0.023144550649307663
2706,0.0085,9999999999,0.001,200,2.57714285714286,0.021905714285714313,-2.921980672292198e-09,0.0007589285714285727,0.07266463993516221
2707,0.0085,9999999999,0.001,200,0.005714285714276457,4.857142857134989e-05,-2.9219803614350548e-09,-0.0003415178571428588,0.04970705064944813
2708,0.0085,9999999999,0.001,200,0.5771428571428601,0.004905714285714311,-2.9219489648636232e-09,7.589285714285876e-05,0.054981604220908205
2709,0.0085,9999999999,0.001,200,7.434285714285721,0.06319142857142863,-2.9215445397207254e-09,0.0009107142857142863,0.1141021399355984
2710,0.0085,9999999999,0.001,200,0.005714285714276457,4.857142857134989e-05,-2.9215442288635827e-09,-0.0009866071428571452,0.04906196136416998
2711,0.0085,9999999999,0.001,200,-1.9942857142857235,-0.016951428571428652,-2.9216527180064507e-09,-0.000265625,0.032782943506918634
2712,0.0085,9999999999,0.001,200,0.7199999999999989,0.006119999999999991,-2.9216135500064467e-09,0.00036049107142857253,0.05648048814981502
2713,0.0085,9999999999,0.001,200,7.57714285714286,0.06440571428571432,-2.9212013534349765e-09,0.0009107142857142863,0.11531642565022726
2714,0.0085,9999999999,0.001,200,0.5771428571428601,0.004905714285714311,-2.921169956863545e-09,-0.0009296875000000001,0.05397602386454436
2715,0.0085,9999999999,0.001,200,2.8628571428571377,0.024334285714285673,-2.921014217434958e-09,0.0003035714285714275,0.07463785422184288
2716,0.0085,9999999999,0.001,200,-3.708571428571446,-0.03152285714285729,-2.9212159637206925e-09,-0.0008727678571428588,0.01760437207878389
2717,0.0085,9999999999,0.001,200,0.5771428571428601,0.004905714285714311,-2.9211845671492605e-09,0.0005691964285714313,0.05547490779310118
2718,0.0085,9999999999,0.001,200,1.7199999999999989,0.01461999999999999,-2.9210909991492507e-09,0.00015178571428571376,0.0647717827931947
2719,0.0085,9999999999,0.001,200,0.8628571428571377,0.007334285714285671,-2.9210440597206747e-09,-0.00011383928571428626,0.05722044350752733
2720,0.0085,9999999999,0.001,200,2.291428571428554,0.01947714285714271,-2.920919406006377e-09,0.00018973214285714126,0.06966687207908046
2721,0.0085,9999999999,0.001,200,4.719999999999999,0.040119999999999996,-2.920662638006351e-09,0.00032254464285714503,0.09044254172219451
2722,0.0085,9999999999,0.001,200,1.57714285714286,0.01340571428571431,-2.9205768414349138e-09,-0.00041741071428571375,0.06298830065085176
2723,0.0085,9999999999,0.001,200,1.4342857142857213,0.012191428571428633,-2.920498816292049e-09,-1.897321428571375e-05,0.062172452436644106
2724,0.0085,9999999999,0.001,200,1.4342857142857213,0.012191428571428633,-2.9204207911491844e-09,0.0,0.062191425651007846
2725,0.0085,9999999999,0.001,200,-2.5657142857142787,-0.02180857142857137,-2.920560366006341e-09,-0.00053125,0.027660175650868264
2726,0.0085,9999999999,0.001,200,-1.708571428571446,-0.014522857142857292,-2.920653312292065e-09,0.00011383928571428249,0.03559097922220368
2727,0.0085,9999999999,0.001,200,0.005714285714276457,4.857142857134989e-05,-2.920653001434922e-09,0.00022767857142857252,0.05027624707934692
2728,0.0085,9999999999,0.001,200,2.0057142857142765,0.01704857142857135,-2.920543890577768e-09,0.000265625,0.06731419350802746
2729,0.0085,9999999999,0.001,200,2.291428571428554,0.01947714285714271,-2.92041923686347e-09,3.79464285714275e-05,0.06951508636529491
2730,0.0085,9999999999,0.001,200,1.1485714285714153,0.00976285714285703,-2.9203567545777493e-09,-0.00015178571428571376,0.059611068508214564
2731,0.0085,9999999999,0.001,200,2.57714285714286,0.021905714285714313,-2.920216558006307e-09,0.00018973214285714502,0.0720954435083549
2732,0.0085,9999999999,0.001,200,5.57714285714286,0.047405714285714315,-2.9199131614348483e-09,0.00039843750000000003,0.09780414886580116
2733,0.0085,9999999999,0.001,200,1.4342857142857213,0.012191428571428633,-2.9198351362919826e-09,-0.0005502232142857138,0.061641202437307786
2734,0.0085,9999999999,0.001,200,0.29142857142855405,0.0024771428571427096,-2.9198192825776954e-09,-0.00015178571428571753,0.05232535422303771
2735,0.0085,9999999999,0.001,200,-0.42285714285713993,-0.0035942857142856896,-2.9198422860062696e-09,-9.486607142856874e-05,0.04631084529444346
2736,0.0085,9999999999,0.001,200,-0.5657142857142787,-0.0048085714285713696,-2.9198730608634154e-09,-1.897321428571375e-05,0.04517245243726986
2737,0.0085,9999999999,0.001,200,0.8628571428571377,0.007334285714285671,-2.9198261214348394e-09,0.00018973214285714126,0.057524014937316695
2738,0.0085,9999999999,0.001,200,-1.1371428571428623,-0.009665714285714331,-2.9198879820062737e-09,-0.000265625,0.04006865779439769
2739,0.0085,9999999999,0.001,200,-0.28000000000000114,-0.0023800000000000097,-2.919903214006275e-09,0.00011383928571428626,0.047733836365811064
2740,0.0085,9999999999,0.001,200,2.531428571428563,0.021517142857142787,-2.9197655042919755e-09,0.0003733928571428562,0.07189053279452014
2741,0.0085,9999999999,0.001,200,0.005714285714276457,4.857142857134989e-05,-2.9197651934348324e-09,-0.0003354464285714287,0.049713122080234734
2742,0.0085,9999999999,0.001,200,-2.039999999999992,-0.017339999999999935,-2.919876169434844e-09,-0.0002716964285714263,0.032388300651552474
2743,0.0085,9999999999,0.001,200,0.005714285714276457,4.857142857134989e-05,-2.9198758585777012e-09,0.0002716964285714263,0.05032026493726692
2744,0.0085,9999999999,0.001,200,-0.6114285714285757,-0.005197142857142893,-2.91990912029199e-09,-8.196428571428505e-05,0.04472088993723371
2745,0.0085,9999999999,0.001,200,-1.4685714285714369,-0.012482857142857214,-2.9199890105777123e-09,-0.00011383928571428626,0.03740330065143949
2746,0.0085,9999999999,0.001,200,0.5771428571428601,0.004905714285714311,-2.9199576140062808e-09,0.00027169642857143006,0.05517740779432813
2747,0.0085,9999999999,0.001,200,-2.039999999999992,-0.017339999999999935,-2.920068590006292e-09,-0.0003475892857142851,0.03231240779421719
2748,0.0085,9999999999,0.001,200,-1.1828571428571308,-0.010054285714285613,-2.9201329374348697e-09,0.00011383928571428626,0.04005955065129574
2749,0.0085,9999999999,0.001,200,-1.42285714285714,-0.012094285714285691,-2.9202103408634492e-09,-3.187500000000121e-05,0.03787383636550397
2750,0.0085,9999999999,0.001,200,-2.6114285714285757,-0.022197142857142894,-2.920352402577749e-09,-0.00015785714285714383,0.027644997079647564
2751,0.0085,9999999999,0.001,200,1.1028571428571468,0.009374285714285748,-2.920292407149172e-09,0.0004933035714285726,0.059867586365421915
2752,0.0085,9999999999,0.001,200,-0.03999999999999204,-0.00033999999999993237,-2.9202945831491715e-09,-0.00015178571428571376,0.049508211365419774
2753,0.0085,9999999999,0.001,200,-1.1828571428571308,-0.010054285714285613,-2.9203589305777493e-09,-0.00015178571428571376,0.03979392565106975
2754,0.0085,9999999999,0.001,200,2.817142857142869,0.02394571428571439,-2.9202056780063057e-09,0.00053125,0.07447696136550871
2755,0.0085,9999999999,0.001,200,0.960000000000008,0.008160000000000068,-2.9201534540063008e-09,-0.0002466517857142863,0.057913345294132335
2756,0.0085,9999999999,0.001,200,-0.6114285714285757,-0.005197142857142893,-2.92018671572059e-09,-0.00020870535714285877,0.04459414886552754
2757,0.0085,9999999999,0.001,200,-0.6114285714285757,-0.005197142857142893,-2.920219977434879e-09,0.0,0.044802854222637134
2758,0.0085,9999999999,0.001,200,-4.851428571428585,-0.04123714285714297,-2.9204838951491914e-09,-0.0005631250000000012,0.00819972922237313
2759,0.0085,9999999999,0.001,200,2.531428571428563,0.021517142857142787,-2.920346185434892e-09,0.000980535714285715,0.07249767565108231
2760,0.0085,9999999999,0.001,200,0.29142857142855405,0.0024771428571427096,-2.9203303317206043e-09,-0.0002975000000000012,0.05217963993681238
2761,0.0085,9999999999,0.001,200,-2.039999999999992,-0.017339999999999935,-2.9204413077206155e-09,-0.0003096428571428538,0.0323503542224159
2762,0.0085,9999999999,0.001,200,-0.7542857142857144,-0.006411428571428573,-2.9204823408634768e-09,0.0001707589285714275,0.043759327436660514
2763,0.0085,9999999999,0.001,200,-2.8971428571428532,-0.024625714285714254,-2.920639945434921e-09,-0.00028459821428571374,0.02508968457936009
2764,0.0085,9999999999,0.001,200,-0.6114285714285757,-0.005197142857142893,-2.92067320714921e-09,0.0003035714285714275,0.04510642565075533
2765,0.0085,9999999999,0.001,200,-0.8971428571428532,-0.007625714285714253,-2.920722011720644e-09,-3.79464285714275e-05,0.04233633636499231
2766,0.0085,9999999999,0.001,200,1.1028571428571468,0.009374285714285748,-2.920662016292066e-09,0.000265625,0.059639907793623735
2767,0.0085,9999999999,0.001,200,-0.8514285714285847,-0.0072371428571429705,-2.920708334006357e-09,-0.0002595535714285737,0.042503300650720124
2768,0.0085,9999999999,0.001,200,-1.7542857142857144,-0.014911428571428574,-2.9208037671492235e-09,-0.00011991071428571255,0.03496865779348195
2769,0.0085,9999999999,0.001,200,6.817142857142869,0.05794571428571439,-2.9204329145777577e-09,0.0011383928571428589,0.10908410422242434
2770,0.0085,9999999999,0.001,200,4.531428571428563,0.03851714285714279,-2.9201864048634474e-09,-0.00030357142857143137,0.08821356850838497
2771,0.0085,9999999999,0.001,200,-3.7542857142857144,-0.03191142857142858,-2.920390638006325e-09,-0.0011004464285714276,0.016988122079609362
2772,0.0085,9999999999,0.001,200,-4.32571428571427,-0.036768571428571296,-2.9206259568634915e-09,-7.5892857142855e-05,0.013155532793659892
2773,0.0085,9999999999,0.001,200,-4.039999999999992,-0.03433999999999993,-2.9208457328635133e-09,3.79464285714275e-05,0.015697943507725763
2774,0.0085,9999999999,0.001,200,-3.468571428571437,-0.029482857142857217,-2.9210344231492466e-09,7.5892857142855e-05,0.020593032793251215
2775,0.0085,9999999999,0.001,200,-2.039999999999992,-0.017339999999999935,-2.9211453991492577e-09,0.00018973214285714502,0.03284972922171181
2776,0.0085,9999999999,0.001,200,3.6742857142857304,0.031231428571428712,-2.920945518006381e-09,0.0007589285714285727,0.08199035422191177
2777,0.0085,9999999999,0.001,200,-0.32571428571426964,-0.0027685714285712922,-2.9209632368635257e-09,-0.00053125,0.04670017565046548
2778,0.0085,9999999999,0.001,200,-6.32571428571427,-0.0537685714285713,-2.921307355720703e-09,-0.0007968750000000001,-0.004565449349878653
2779,0.0085,9999999999,0.001,200,-4.611428571428576,-0.039197142857142896,-2.9215582174350133e-09,0.00022767857142856875,0.011030532792727456
2780,0.0085,9999999999,0.001,200,-5.611428571428576,-0.047697142857142896,-2.92186347914933e-09,-0.0001328125,0.0021700417209936235
2781,0.0085,9999999999,0.001,200,-4.32571428571427,-0.036768571428571296,-2.922098798006496e-09,0.00017075892857143127,0.013402184577901335
2782,0.0085,9999999999,0.001,200,-5.7542857142857144,-0.04891142857142858,-2.922411831149385e-09,-0.00018973214285714502,0.0008988363633024438
2783,0.0085,9999999999,0.001,200,-6.7542857142857144,-0.05741142857142858,-2.9227792642922788e-09,-0.0001328125,-0.00754424399420784
2784,0.0085,9999999999,0.001,200,-5.182857142857131,-0.044054285714285615,-2.9230612117208784e-09,0.00020870535714285877,0.006154416719796038
2785,0.0085,9999999999,0.001,200,-13.468571428571437,-0.11448285714285722,-2.9237939020066656e-09,-0.0011004464285714313,-0.06558330649522255
2786,0.0085,9999999999,0.001,200,-7.7542857142857144,-0.06591142857142858,-2.9242157351495648e-09,0.0007589285714285727,-0.01515250292421573
2787,0.0085,9999999999,0.001,200,-8.32571428571427,-0.07076857142857129,-2.924668654006753e-09,-7.5892857142855e-05,-0.0208444672103828
2788,0.0085,9999999999,0.001,200,-7.039999999999992,-0.059839999999999935,-2.925051630006791e-09,0.0001707589285714275,-0.009669243996480135
2789,0.0085,9999999999,0.001,200,-7.468571428571437,-0.06348285714285722,-2.9254579202925467e-09,-5.691964285714502e-05,-0.013539779711172276
2790,0.0085,9999999999,0.001,200,-7.182857142857131,-0.06105428571428562,-2.925848667721157e-09,3.794642857143127e-05,-0.011016342211562849
2791,0.0085,9999999999,0.001,200,-2.039999999999992,-0.017339999999999935,-2.925959643721168e-09,0.0006830357142857138,0.033343032788326135
2792,0.0085,9999999999,0.001,200,-11.18285714285713,-0.09505428571428562,-2.9265679911498e-09,-0.0012142857142857138,-0.046268574355139314
2793,0.0085,9999999999,0.001,200,-8.897142857142853,-0.07562571428571425,-2.9270519957212775e-09,0.0003035714285714275,-0.02532214578419481
2794,0.0085,9999999999,0.001,200,-10.32571428571427,-0.0877685714285713,-2.9276137145784763e-09,-0.00018973214285714126,-0.03795830649904215
2795,0.0085,9999999999,0.001,200,-10.611428571428576,-0.0901971428571429,-2.92819097629282e-09,-3.794642857143127e-05,-0.04023509221390531
2796,0.0085,9999999999,0.001,200,-11.32571428571427,-0.0962685714285713,-2.9288070951500244e-09,-9.486607142856874e-05,-0.04636344042880697
2797,0.0085,9999999999,0.001,200,-10.611428571428576,-0.0901971428571429,-2.929384356864368e-09,9.486607142856874e-05,-0.04010227971509869
2798,0.0085,9999999999,0.001,200,-11.754285714285714,-0.09991142857142858,-2.9300237900072886e-09,-0.00015178571428571376,-0.05006321721573809
2799,0.0085,9999999999,0.001,200,-10.468571428571437,-0.08898285714285722,-2.9305932802930594e-09,0.0001707589285714275,-0.03881210114487908
2800,0.0085,9999999999,0.001,200,-16.611428571428576,-0.1411971428571429,-2.931496942007436e-09,-0.0008158482142857138,-0.09201299400292555
2801,0.0085,9999999999,0.001,200,-13.468571428571437,-0.11448285714285722,-2.932229632293223e-09,0.00041741071428571375,-0.06406544936080114
2802,0.0085,9999999999,0.001,200,-15.754285714285714,-0.13391142857142857,-2.9330866654361663e-09,-0.0003035714285714275,-0.08421500293308666
2803,0.0085,9999999999,0.001,200,-9.18285714285713,-0.07805428571428562,-2.933586212864787e-09,0.0008727678571428588,-0.02718152079072897
2804,0.0085,9999999999,0.001,200,-12.32571428571427,-0.1047685714285713,-2.934256731721997e-09,-0.00041741071428571375,-0.055185985077113725
2805,0.0085,9999999999,0.001,200,-13.18285714285713,-0.11205428571428562,-2.9349738791506408e-09,-0.00011383928571428626,-0.06216812793497378
2806,0.0085,9999999999,0.001,200,-15.32571428571427,-0.1302685714285713,-2.935807598007867e-09,-0.00028459821428571374,-0.08055317257866461
2807,0.0085,9999999999,0.001,200,-18.611428571428576,-0.1581971428571429,-2.936820059722254e-09,-0.0004363839285714314,-0.10863352972253439
2808,0.0085,9999999999,0.001,200,-19.754285714285714,-0.16791142857142857,-2.937894692865218e-09,-0.00015178571428571376,-0.11806321722360898
2809,0.0085,9999999999,0.001,200,-18.754285714285714,-0.1594114285714286,-2.9389149260081777e-09,0.0001328125,-0.10927861901034351
2810,0.0085,9999999999,0.001,200,-15.468571428571437,-0.13148285714285723,-2.9397564162939756e-09,0.0004363839285714275,-0.08104647615404222
2811,0.0085,9999999999,0.001,200,-17.754285714285714,-0.15091142857142859,-2.9407222494369295e-09,-0.0003035714285714275,-0.10121500294072226
2812,0.0085,9999999999,0.001,200,-19.468571428571437,-0.16548285714285724,-2.9417813397227492e-09,-0.00022767857142857252,-0.11571053865606716
2813,0.0085,9999999999,0.001,200,-20.32571428571427,-0.1727685714285713,-2.9428870585800027e-09,-0.00011383928571428249,-0.12288241365717263
2814,0.0085,9999999999,0.001,200,-21.18285714285713,-0.1800542857142856,-2.944039406008689e-09,-0.00011383928571428626,-0.1301681279440393
2815,0.0085,9999999999,0.001,200,-21.468571428571437,-0.18248285714285722,-2.94520729629452e-09,-3.794642857143127e-05,-0.13252080651663595
2816,0.0085,9999999999,0.001,200,-24.039999999999992,-0.20433999999999994,-2.9465150722946508e-09,-0.000341517857142855,-0.15468152080365782
2817,0.0085,9999999999,0.001,200,-20.039999999999992,-0.17033999999999994,-2.94760524829476e-09,0.00053125,-0.11980875294760517
2818,0.0085,9999999999,0.001,200,-25.18285714285713,-0.2140542857142856,-2.9489751957234684e-09,-0.0006830357142857138,-0.1647373243775465
2819,0.0085,9999999999,0.001,200,-25.468571428571437,-0.21648285714285723,-2.950360686009321e-09,-3.794642857143127e-05,-0.16652080652178936
2820,0.0085,9999999999,0.001,200,-26.32571428571427,-0.22376857142857132,-2.951792804866607e-09,-0.00011383928571428249,-0.17388241366607843
2821,0.0085,9999999999,0.001,200,-26.32571428571427,-0.22376857142857132,-2.953224923723893e-09,0.0,-0.17376857438179621
2822,0.0085,9999999999,0.001,200,-28.468571428571437,-0.24198285714285722,-2.954773614009762e-09,-0.00028459821428571754,-0.19226745831191655
2823,0.0085,9999999999,0.001,200,-31.32571428571427,-0.2662685714285713,-2.9564777328670756e-09,-0.0003794642857142825,-0.21664803867076332
2824,0.0085,9999999999,0.001,200,-31.754285714285714,-0.2699114285714286,-2.958205166010105e-09,-5.691964285714502e-05,-0.21996835117249092
2825,0.0085,9999999999,0.001,200,-29.18285714285713,-0.24805428571428562,-2.9597927134388355e-09,0.0003415178571428588,-0.19771277081693545
2826,0.0085,9999999999,0.001,200,-32.89714285714285,-0.27962571428571426,-2.961582318010443e-09,-0.0004933035714285726,-0.23011902081872515
2827,0.0085,9999999999,0.001,200,-35.18285714285713,-0.2990542857142856,-2.9634962654392058e-09,-0.0003035714285714275,-0.2493578601063533
2828,0.0085,9999999999,0.001,200,-37.46857142857144,-0.31848285714285723,-2.965534555725124e-09,-0.00030357142857143137,-0.26878643153696324
2829,0.0085,9999999999,0.001,200,-41.46857142857144,-0.35248285714285726,-2.967790446011064e-09,-0.00053125,-0.3030141101106477
2830,0.0085,9999999999,0.001,200,-39.18285714285713,-0.33305428571428564,-2.9699219934398484e-09,0.00030357142857143137,-0.28275071725563616
2831,0.0085,9999999999,0.001,200,-41.46857142857144,-0.35248285714285726,-2.972177883725788e-09,-0.00030357142857143137,-0.3027864315436066
2832,0.0085,9999999999,0.001,200,-42.03999999999999,-0.35733999999999994,-2.974464859726017e-09,-7.5892857142855e-05,-0.30741589583160767
2833,0.0085,9999999999,0.001,200,-44.611428571428576,-0.3791971428571429,-2.9768917214405452e-09,-0.0003415178571428588,-0.3295386636911775
2834,0.0085,9999999999,0.001,200,-46.89714285714285,-0.3986257142857143,-2.9794429260122287e-09,-0.0003035714285714275,-0.34892928869372863
2835,0.0085,9999999999,0.001,200,-44.611428571428576,-0.3791971428571429,-2.9818697877267574e-09,0.0003035714285714275,-0.3288935744104413
2836,0.0085,9999999999,0.001,200,-45.754285714285714,-0.3889114285714286,-2.9843588208698635e-09,-0.00015178571428571376,-0.3390632172700731
2837,0.0085,9999999999,0.001,200,-47.46857142857144,-0.40348285714285725,-2.9869411111558362e-09,-0.00022767857142857252,-0.353710538701227
2838,0.0085,9999999999,0.001,200,-48.32571428571427,-0.4107685714285713,-2.9895700300132423e-09,-0.00011383928571428249,-0.36088241370385565
2839,0.0085,9999999999,0.001,200,-48.18285714285713,-0.40955428571428565,-2.9921911774420755e-09,1.897321428571375e-05,-0.3595353154921911
2840,0.0085,9999999999,0.001,200,-48.18285714285713,-0.40955428571428565,-2.994812324870909e-09,0.0,-0.359554288709098
2841,0.0085,9999999999,0.001,200,-50.32571428571427,-0.42776857142857133,-2.9975500437283256e-09,-0.00028459821428571374,-0.3780531726404071
2842,0.0085,9999999999,0.001,200,-48.89714285714285,-0.41562571428571427,-3.0002100483000197e-09,0.00018973214285714126,-0.36543598514306713
2843,0.0085,9999999999,0.001,200,-49.754285714285714,-0.4229114285714286,-3.0029166814431476e-09,-0.00011383928571428626,-0.3730252708600596
2844,0.0085,9999999999,0.001,200,-49.46857142857144,-0.42048285714285727,-3.005607771729131e-09,3.79464285714275e-05,-0.37044491371989363
2845,0.0085,9999999999,0.001,200,-49.46857142857144,-0.42048285714285727,-3.0082988620151145e-09,0.0,-0.37048286015115617
2846,0.0085,9999999999,0.001,200,-51.18285714285713,-0.4350542857142856,-3.011083209443964e-09,-0.00022767857142856875,-0.3852819672967974
2847,0.0085,9999999999,0.001,200,-50.754285714285714,-0.4314114285714286,-3.013844242587097e-09,5.6919642857141247e-05,-0.3813545119424157
2848,0.0085,9999999999,0.001,200,-45.754285714285714,-0.3889114285714286,-3.0163332757302035e-09,0.0006640625,-0.3382473690877619
2849,0.0085,9999999999,0.001,200,-52.32571428571427,-0.44476857142857135,-3.019179794587631e-09,-0.000872767857142855,-0.395641342304894
2850,0.0085,9999999999,0.001,200,-51.46857142857144,-0.43748285714285723,-3.0219796848736255e-09,0.00011383928571428249,-0.3873690208791226
2851,0.0085,9999999999,0.001,200,-47.18285714285713,-0.40105428571428564,-3.0245464323024534e-09,0.0005691964285714313,-0.35048509231026065
2852,0.0085,9999999999,0.001,200,-55.32571428571427,-0.4702685714285713,-3.0275561511598973e-09,-0.0010814732142857139,-0.4213500476704132
2853,0.0085,9999999999,0.001,200,-51.18285714285713,-0.4350542857142856,-3.0303404985887474e-09,0.0005502232142857138,-0.3845040655303404
2854,0.0085,9999999999,0.001,200,-51.754285714285714,-0.4399114285714286,-3.033155931731886e-09,-7.589285714285876e-05,-0.38998732446172746
2855,0.0085,9999999999,0.001,200,-53.18285714285713,-0.45205428571428563,-3.036049079160747e-09,-0.00018973214285714126,-0.4022440208931919
2856,0.0085,9999999999,0.001,200,-50.611428571428576,-0.43019714285714294,-3.038802340875308e-09,0.000341517857142855,-0.3798556280388024
2857,0.0085,9999999999,0.001,200,-48.89714285714285,-0.41562571428571427,-3.041462345447002e-09,0.00022767857142857252,-0.36539803875574806
2858,0.0085,9999999999,0.001,200,-48.46857142857144,-0.41198285714285726,-3.0440990357329803e-09,5.6919642857141247e-05,-0.36192594054409916
2859,0.0085,9999999999,0.001,200,-50.89714285714285,-0.4326257142857143,-3.046867840304686e-09,-0.00032254464285714135,-0.38294826197543924
2860,0.0085,9999999999,0.001,200,-49.18285714285713,-0.41805428571428566,-3.0495433877335253e-09,0.00022767857142857252,-0.3678266101924005
2861,0.0085,9999999999,0.001,200,-49.46857142857144,-0.42048285714285727,-3.0522344780195084e-09,-3.794642857143127e-05,-0.37052080662366316
2862,0.0085,9999999999,0.001,200,-47.754285714285714,-0.4059114285714286,-3.054832311162625e-09,0.00022767857142857252,-0.35568375305483235
2863,0.0085,9999999999,0.001,200,-51.81714285714287,-0.44044571428571444,-3.0576511637343357e-09,-0.0005395982142857159,-0.39098531555765137
2864,0.0085,9999999999,0.001,200,-48.10285714285715,-0.4088742857142858,-3.060267959163169e-09,0.0004933035714285726,-0.3583809852031252
2865,0.0085,9999999999,0.001,200,-46.611428571428576,-0.3961971428571429,-3.0628036208777083e-09,0.00019808035714285712,-0.3459990655628037
2866,0.0085,9999999999,0.001,200,-51.245714285714286,-0.43558857142857144,-3.06559138773513e-09,-0.0006154910714285709,-0.3862040655655914
2867,0.0085,9999999999,0.001,200,-50.67428571428573,-0.43073142857142876,-3.068348068878263e-09,7.5892857142855e-05,-0.380655538782634
2868,0.0085,9999999999,0.001,200,-48.10285714285715,-0.4088742857142858,-3.0709648643070956e-09,0.0003415178571428588,-0.3585327709281078
2869,0.0085,9999999999,0.001,200,-46.96000000000001,-0.39916000000000007,-3.0735194883073514e-09,0.00015178571428571376,-0.3490082173592339
2870,0.0085,9999999999,0.001,200,-44.89714285714285,-0.3816257142857143,-3.075961892879024e-09,0.00027397321428571596,-0.33135174414739044
2871,0.0085,9999999999,0.001,200,-45.18285714285713,-0.3840542857142856,-3.0784198403078414e-09,-3.79464285714275e-05,-0.3340922352212769
2872,0.0085,9999999999,0.001,200,-46.388571428571424,-0.3943028571428571,-3.0809433785938083e-09,-0.00016013392857142962,-0.34446299415237197
2873,0.0085,9999999999,0.001,200,-47.81714285714287,-0.4064457142857144,-3.083544631165497e-09,-0.00018973214285714502,-0.35663544951211623
2874,0.0085,9999999999,0.001,200,-49.245714285714286,-0.4185885714285715,-3.0862235980229077e-09,-0.00018973214285714126,-0.36877830665765227
2875,0.0085,9999999999,0.001,200,-48.96000000000001,-0.4161600000000001,-3.0888870220231742e-09,3.79464285714275e-05,-0.3661220566603157
2876,0.0085,9999999999,0.001,200,-48.96000000000001,-0.4161600000000001,-3.0915504460234403e-09,0.0,-0.36616000309155056
2877,0.0085,9999999999,0.001,200,-50.245714285714286,-0.4270885714285715,-3.0942838128808567e-09,-0.0001707589285714275,-0.37725933345142676
2878,0.0085,9999999999,0.001,200,-52.67428571428573,-0.4477314285714287,-3.0971492940240006e-09,-0.00032254464285714503,-0.3980539763114352
2879,0.0085,9999999999,0.001,200,-53.81714285714287,-0.4574457142857144,-3.100076946595722e-09,-0.00015178571428571376,-0.4075975031000771
2880,0.0085,9999999999,0.001,200,-54.96000000000001,-0.4671600000000001,-3.103066770596021e-09,-0.00015178571428571376,-0.41731178881735254
2881,0.0085,9999999999,0.001,200,-62.388571428571424,-0.5303028571428572,-3.1064607088820746e-09,-0.0009866071428571413,-0.4812894673921751
2882,0.0085,9999999999,0.001,200,-57.245714285714286,-0.4865885714285715,-3.1095748757395288e-09,0.0006830357142857138,-0.4359055388238606
2883,0.0085,9999999999,0.001,200,-59.53142857142856,-0.5060171428571428,-3.112813385454138e-09,-0.0003035714285714275,-0.4563207173985276
2884,0.0085,9999999999,0.001,200,-61.81714285714287,-0.5254457142857144,-3.116176238025903e-09,-0.00030357142857143137,-0.475749288830462
2885,0.0085,9999999999,0.001,200,-66.10285714285715,-0.5618742857142858,-3.119772233454834e-09,-0.0005691964285714275,-0.5124434852626294
2886,0.0085,9999999999,0.001,200,-78.10285714285715,-0.6638742857142858,-3.1240210288838306e-09,-0.0015937500000000001,-0.6154680388383067
2887,0.0085,9999999999,0.001,200,-75.18285714285715,-0.6390542857142858,-3.1281109763128107e-09,0.00038781250000000024,-0.5886664763423968
2888,0.0085,9999999999,0.001,200,-77.81714285714285,-0.6614457142857143,-3.1323442288846627e-09,-0.0003498660714285709,-0.6117955834894871
2889,0.0085,9999999999,0.001,200,-81.53142857142858,-0.693017142857143,-3.1367795385993926e-09,-0.0004933035714285726,-0.6435104495653511
2890,0.0085,9999999999,0.001,200,-85.24571428571429,-0.7245885714285715,-3.1414169054569985e-09,-0.0004933035714285706,-0.6750818781414168
2891,0.0085,9999999999,0.001,200,-88.89714285714285,-0.7556257142857143,-3.146252910028911e-09,-0.00048495535714285676,-0.7061106727891101
2892,0.0085,9999999999,0.001,200,-94.32571428571428,-0.8017685714285715,-3.1513842288865673e-09,-0.0007209821428571432,-0.7524895567228128
2893,0.0085,9999999999,0.001,200,-97.75428571428571,-0.8309114285714286,-3.156702062029956e-09,-0.00045535714285714315,-0.7813667888709878
2894,0.0085,9999999999,0.001,200,-101.81714285714285,-0.8654457142857144,-3.1622409146019384e-09,-0.000539598214285714,-0.815985315662241
2895,0.0085,9999999999,0.001,200,-104.67428571428572,-0.8897314285714286,-3.1679351957453653e-09,-0.00037946428571428636,-0.8401108960250782
2896,0.0085,9999999999,0.001,200,-109.53142857142858,-0.931017142857143,-3.173893705460247e-09,-0.0006450892857142863,-0.8816622353167509
2897,0.0085,9999999999,0.001,200,-110.96000000000001,-0.9431600000000001,-3.1799299294608504e-09,-0.00018973214285714318,-0.893349735322787
2898,0.0085,9999999999,0.001,200,-114.03999999999999,-0.96934,-3.1861337054614707e-09,-0.0004090624999999979,-0.9197490656861336
2899,0.0085,9999999999,0.001,200,-116.24571428571429,-0.9880885714285715,-3.192457472319246e-09,-0.00029294642857142963,-0.9383815210496005
2900,0.0085,9999999999,0.001,200,-118.61142857142856,-1.0081971428571428,-3.198909934034177e-09,-0.0003141964285714273,-0.9585113424846241
2901,0.0085,9999999999,0.001,200,-120.89714285714285,-1.0276257142857144,-3.2054867386062638e-09,-0.0003035714285714294,-0.9779292889197726
2902,0.0085,9999999999,0.001,200,-124.10285714285715,-1.0548742857142859,-3.2122379340355104e-09,-0.00042575892857142964,-1.0053000478550953
2903,0.0085,9999999999,0.001,200,-126.61142857142856,-1.0761971428571429,-3.219125595750485e-09,-0.000333169642857141,-1.0265303157191257
2904,0.0085,9999999999,0.001,200,-127.18285714285715,-1.0810542857142857,-3.226044343179748e-09,-7.589285714285876e-05,-1.031130181797473
2905,0.0085,9999999999,0.001,200,-128.04000000000002,-1.0883400000000003,-3.233009719180444e-09,-0.00011383928571428814,-1.0384538425187242
2906,0.0085,9999999999,0.001,200,-130.10285714285715,-1.1058742857142858,-3.240087314609724e-09,-0.0002739732142857121,-1.0561482621686589
2907,0.0085,9999999999,0.001,200,-129.46857142857144,-1.1004828571428573,-3.2471304048961423e-09,8.424107142857086e-05,-1.050398619318559
2908,0.0085,9999999999,0.001,200,-134.04000000000002,-1.1393400000000002,-3.2544221808968716e-09,-0.0006071428571428588,-1.0899471461115653
2909,0.0085,9999999999,0.001,200,-134.61142857142858,-1.144197142857143,-3.2617450426118894e-09,-7.5892857142855e-05,-1.094273038976031
2910,0.0085,9999999999,0.001,200,-134.61142857142858,-1.144197142857143,-3.2690679043269073e-09,0.0,-1.0941971461262108
2911,0.0085,9999999999,0.001,200,-137.46857142857144,-1.1684828571428574,-3.2765461946133695e-09,-0.00037946428571428636,-1.1188623247051177
2912,0.0085,9999999999,0.001,200,-137.46857142857144,-1.1684828571428574,-3.2840244848998313e-09,0.0,-1.1184828604268817
2913,0.0085,9999999999,0.001,200,-137.89714285714285,-1.1721257142857144,-3.29152608947201e-09,-5.6919642857141247e-05,-1.1221826372200976
2914,0.0085,9999999999,0.001,200,-136.61142857142858,-1.161197142857143,-3.2989577511870386e-09,0.0001707589285714275,-1.1110263872275294
2915,0.0085,9999999999,0.001,200,-135.18285714285713,-1.1490542857142856,-3.3063116986163457e-09,0.00018973214285714502,-1.09886455687774
2916,0.0085,9999999999,0.001,200,-135.75428571428571,-1.1539114285714287,-3.3136967317599417e-09,-7.589285714285876e-05,-1.1039873247422682
2917,0.0085,9999999999,0.001,200,-135.75428571428571,-1.1539114285714287,-3.3210817649035373e-09,0.0,-1.1039114318925105
2918,0.0085,9999999999,0.001,200,-142.61142857142858,-1.212197142857143,-3.3288398266185983e-09,-0.0009107142857142863,-1.1631078604716971
2919,0.0085,9999999999,0.001,200,-136.89714285714285,-1.1636257142857143,-3.336287031190772e-09,0.0007589285714285727,-1.1128667890505726
2920,0.0085,9999999999,0.001,200,-138.3257142857143,-1.1757685714285717,-3.3438119500486672e-09,-0.00018973214285714502,-1.1259583069152408
2921,0.0085,9999999999,0.001,200,-138.89714285714285,-1.1806257142857144,-3.351367954620851e-09,-7.5892857142855e-05,-1.1307016104942251
2922,0.0085,9999999999,0.001,200,-138.3257142857143,-1.1757685714285717,-3.3588928734787465e-09,7.5892857142855e-05,-1.1256926819303217
2923,0.0085,9999999999,0.001,200,-126.32571428571428,-1.0737685714285714,-3.3657649923365762e-09,0.001593750000000002,-1.0221748247943363
2924,0.0085,9999999999,0.001,200,-139.75428571428571,-1.1879114285714287,-3.373367625480193e-09,-0.0017834821428571433,-1.1396949140876533
2925,0.0085,9999999999,0.001,200,-141.18285714285713,-1.2000542857142857,-3.3810479729095332e-09,-0.00018973214285714126,-1.1502440212381908
2926,0.0085,9999999999,0.001,200,-142.46857142857144,-1.2109828571428574,-3.3887982631960222e-09,-0.00017075892857143127,-1.161153619460227
2927,0.0085,9999999999,0.001,200,-140.89714285714285,-1.1976257142857143,-3.396463067768218e-09,0.00020870535714285877,-1.1474170123250345
2928,0.0085,9999999999,0.001,200,-141.75428571428571,-1.2049114285714286,-3.4041745009118455e-09,-0.00011383928571428626,-1.1550252712613174
2929,0.0085,9999999999,0.001,200,-141.46857142857144,-1.2024828571428574,-3.4118703911983295e-09,3.79464285714275e-05,-1.1524449141261564
2930,0.0085,9999999999,0.001,200,-142.3257142857143,-1.2097685714285715,-3.419612910056246e-09,-0.00011383928571428626,-1.1598824141338986
2931,0.0085,9999999999,0.001,200,-142.89714285714285,-1.2146257142857144,-3.4273865146284524e-09,-7.5892857142855e-05,-1.164701610570244
2932,0.0085,9999999999,0.001,200,-141.3257142857143,-1.2012685714285716,-3.4350746334863644e-09,0.000208705357142855,-1.1510598695065033
2933,0.0085,9999999999,0.001,200,-145.18285714285713,-1.2340542857142858,-3.4429725809157254e-09,-0.0005122767857142825,-1.1845665659429725
2934,0.0085,9999999999,0.001,200,-142.46857142857144,-1.2109828571428574,-3.4507228712022144e-09,0.00036049107142856874,-1.1606223695221516
2935,0.0085,9999999999,0.001,200,-142.61142857142858,-1.212197142857143,-3.4584809329172762e-09,-1.897321428571375e-05,-1.1622161195299094
2936,0.0085,9999999999,0.001,200,-142.89714285714285,-1.2146257142857144,-3.466254537489482e-09,-3.79464285714275e-05,-1.1646636641805403
2937,0.0085,9999999999,0.001,200,-140.89714285714285,-1.1976257142857143,-3.473919342061677e-09,0.000265625,-1.1473600927596337
2938,0.0085,9999999999,0.001,200,-142.04000000000002,-1.2073400000000003,-3.4816463180624494e-09,-0.00015178571428571753,-1.1574917891959322
2939,0.0085,9999999999,0.001,200,-143.46857142857144,-1.2194828571428573,-3.489451008348944e-09,-0.00018973214285714126,-1.1696725927751654
2940,0.0085,9999999999,0.001,200,-142.61142857142858,-1.212197142857143,-3.4972090700640055e-09,0.00011383928571428626,-1.1620833070686376
2941,0.0085,9999999999,0.001,200,-143.46857142857144,-1.2194828571428573,-3.5050137603505003e-09,-0.00011383928571428626,-1.1695966999335854
2942,0.0085,9999999999,0.001,200,-143.46857142857144,-1.2194828571428573,-3.512818450636995e-09,0.0,-1.1694828606556757
2943,0.0085,9999999999,0.001,200,-144.04000000000002,-1.2243400000000002,-3.5206542266377787e-09,-7.589285714285876e-05,-1.1744158963777973
2944,0.0085,9999999999,0.001,200,-138.61142857142858,-1.178197142857143,-3.5281946883528183e-09,0.0007209821428571451,-1.1274761642424804
2945,0.0085,9999999999,0.001,200,-142.61142857142858,-1.212197142857143,-3.5359527500678797e-09,-0.00053125,-1.1627283963930957
2946,0.0085,9999999999,0.001,200,-144.04000000000002,-1.2243400000000002,-3.5437885260686638e-09,-0.00018973214285714502,-1.174529735686646
2947,0.0085,9999999999,0.001,200,-144.04000000000002,-1.2243400000000002,-3.5516243020694474e-09,0.0,-1.1743400035516245
2948,0.0085,9999999999,0.001,200,-144.61142857142858,-1.2291971428571429,-3.5594911637845195e-09,-7.5892857142855e-05,-1.179273039273777
2949,0.0085,9999999999,0.001,200,-138.3257142857143,-1.1757685714285717,-3.567016082642415e-09,0.0008348214285714275,-1.1249337535670163
2950,0.0085,9999999999,0.001,200,-142.3257142857143,-1.2097685714285715,-3.574758601500332e-09,-0.00053125,-1.1602998250033303
2951,0.0085,9999999999,0.001,200,-143.46857142857144,-1.2194828571428573,-3.582563291786827e-09,-0.00015178571428571376,-1.1696346464397063
2952,0.0085,9999999999,0.001,200,-143.3257142857143,-1.2182685714285717,-3.590360210644749e-09,1.897321428571375e-05,-1.1682496018046462
2953,0.0085,9999999999,0.001,200,-142.61142857142858,-1.212197142857143,-3.5981182723598106e-09,9.486607142857251e-05,-1.1621022803838326
2954,0.0085,9999999999,0.001,200,-143.04000000000002,-1.2158400000000003,-3.605899648360589e-09,-5.691964285714502e-05,-1.165896923248757
2955,0.0085,9999999999,0.001,200,-133.18285714285713,-1.1320542857142857,-3.6131447957898844e-09,0.0013091517857142902,-1.0807451375417163
2956,0.0085,9999999999,0.001,200,-143.46857142857144,-1.2194828571428573,-3.620949486076379e-09,-0.0013660714285714313,-1.1708489321923783
2957,0.0085,9999999999,0.001,200,-142.61142857142858,-1.212197142857143,-3.6287075477914406e-09,0.00011383928571428626,-1.1620833072001362
2958,0.0085,9999999999,0.001,200,-142.89714285714285,-1.2146257142857144,-3.6364811523636465e-09,-3.79464285714275e-05,-1.1646636643507668
2959,0.0085,9999999999,0.001,200,-132.61142857142858,-1.127197142857143,-3.643695214078653e-09,0.0013660714285714276,-1.0758310750722666
2960,0.0085,9999999999,0.001,200,-134.61142857142858,-1.144197142857143,-3.6510180757936714e-09,-0.000265625,-1.094462771508161
2961,0.0085,9999999999,0.001,200,-143.18285714285713,-1.2170542857142856,-3.658807223223022e-09,-0.001138392857142855,-1.1681926822302358
2962,0.0085,9999999999,0.001,200,-143.75428571428571,-1.2219114285714288,-3.666627456366661e-09,-7.589285714285876e-05,-1.171987325095199
2963,0.0085,9999999999,0.001,200,-142.04000000000002,-1.2073400000000003,-3.6743544323674334e-09,0.00022767857142856875,-1.157112325102926
2964,0.0085,9999999999,0.001,200,-143.18285714285713,-1.2170542857142856,-3.6821435797967837e-09,-0.00015178571428571,-1.1672060751107147
2965,0.0085,9999999999,0.001,200,-142.3257142857143,-1.2097685714285715,-3.689886098654701e-09,0.00011383928571428249,-1.1596547358327434
2966,0.0085,9999999999,0.001,200,-141.75428571428571,-1.2049114285714286,-3.6975975317983292e-09,7.589285714285876e-05,-1.1548355394118832
2967,0.0085,9999999999,0.001,200,-146.89714285714285,-1.2486257142857144,-3.705588736370557e-09,-0.0006830357142857138,-1.1993087537055889
2968,0.0085,9999999999,0.001,200,-141.46857142857144,-1.2024828571428574,-3.713284626657041e-09,0.0007209821428571413,-1.1517618787132848
2969,0.0085,9999999999,0.001,200,-140.61142857142858,-1.195197142857143,-3.720933888372092e-09,0.00011383928571428626,-1.1450833072923625
2970,0.0085,9999999999,0.001,200,-140.04000000000002,-1.1903400000000002,-3.728552064372854e-09,7.5892857142855e-05,-1.1402641108714093
2971,0.0085,9999999999,0.001,200,-140.89714285714285,-1.1976257142857143,-3.736216868945048e-09,-0.00011383928571428249,-1.1477395573076454
2972,0.0085,9999999999,0.001,200,-138.89714285714285,-1.1806257142857144,-3.743772873517233e-09,0.000265625,-1.1303600930294873
2973,0.0085,9999999999,0.001,200,-136.61142857142858,-1.161197142857143,-3.751204535232262e-09,0.0003035714285714275,-1.110893575179776
2974,0.0085,9999999999,0.001,200,-132.89714285714285,-1.1296257142857142,-3.758434139804414e-09,0.0004933035714285726,-1.07913241447272
2975,0.0085,9999999999,0.001,200,-136.61142857142858,-1.161197142857143,-3.765865801519442e-09,-0.0004933035714285726,-1.1116904501944374
2976,0.0085,9999999999,0.001,200,-141.75428571428571,-1.2049114285714286,-3.77357723466307e-09,-0.0006830357142857138,-1.1555944680592916
2977,0.0085,9999999999,0.001,200,-140.89714285714285,-1.1976257142857143,-3.781242039235265e-09,0.00011383928571428626,-1.147511878781242
2978,0.0085,9999999999,0.001,200,-140.04000000000002,-1.1903400000000002,-3.788860215236028e-09,0.00011383928571428249,-1.140226164503146
2979,0.0085,9999999999,0.001,200,-137.75428571428571,-1.1709114285714286,-3.7963540483796335e-09,0.00030357142857143137,-1.1206078609392112
2980,0.0085,9999999999,0.001,200,-136.61142857142858,-1.161197142857143,-3.8037857100946624e-09,0.00015178571428571376,-1.111045360946643
2981,0.0085,9999999999,0.001,200,-135.46857142857144,-1.1514828571428573,-3.8111552003811136e-09,0.00015178571428571376,-1.1013310752397267
2982,0.0085,9999999999,0.001,200,-135.75428571428571,-1.1539114285714287,-3.8185402335247096e-09,-3.79464285714275e-05,-1.1039493788185402
2983,0.0085,9999999999,0.001,200,-136.61142857142858,-1.161197142857143,-3.8259718952397385e-09,-0.00011383928571428626,-1.1113109859688293
2984,0.0085,9999999999,0.001,200,-140.04000000000002,-1.1903400000000002,-3.8335900712405e-09,-0.00045535714285714504,-1.1407953609764474
2985,0.0085,9999999999,0.001,200,-142.3257142857143,-1.2097685714285715,-3.841332590098417e-09,-0.0003035714285714275,-1.1600721466984756
2986,0.0085,9999999999,0.001,200,-138.04000000000002,-1.1733400000000003,-3.8488419660991684e-09,0.0005691964285714275,-1.1227708074202707
2987,0.0085,9999999999,0.001,200,-136.75428571428571,-1.1624114285714287,-3.856281399242769e-09,0.00017075892857143127,-1.1122406734991386
2988,0.0085,9999999999,0.001,200,-136.04000000000002,-1.1563400000000004,-3.863681975243509e-09,9.486607142856874e-05,-1.1062451377922538
2989,0.0085,9999999999,0.001,200,-134.61142857142858,-1.144197142857143,-3.871004836958528e-09,0.00018973214285714502,-1.0940074145852905
2990,0.0085,9999999999,0.001,200,-130.04000000000002,-1.1053400000000002,-3.878079012959235e-09,0.000607142857142855,-1.0547328610209363
2991,0.0085,9999999999,0.001,200,-129.75428571428571,-1.1029114285714285,-3.885137646102798e-09,3.794642857143127e-05,-1.0528734860279947
2992,0.0085,9999999999,0.001,200,-127.75428571428571,-1.0859114285714286,-3.89208747924635e-09,0.000265625,-1.0356458074635162
2993,0.0085,9999999999,0.001,200,-131.46857142857144,-1.1174828571428572,-3.89923936953278e-09,-0.0004933035714285726,-1.067976164613525
2994,0.0085,9999999999,0.001,200,-134.46857142857144,-1.1429828571428573,-3.906554459819225e-09,-0.00039843750000000003,-1.0933812985494116
2995,0.0085,9999999999,0.001,200,-135.18285714285713,-1.1490542857142856,-3.913908407248532e-09,-9.486607142856874e-05,-1.0991491556996225
2996,0.0085,9999999999,0.001,200,-138.61142857142858,-1.178197142857143,-3.921448868963571e-09,-0.00045535714285714504,-1.128652503921449
2997,0.0085,9999999999,0.001,200,-132.3257142857143,-1.1247685714285716,-3.928647387821434e-09,0.0008348214285714275,-1.0739337539286475
2998,0.0085,9999999999,0.001,200,-132.61142857142858,-1.127197142857143,-3.935861449536441e-09,-3.79464285714275e-05,-1.0772350932215757
2999,0.0085,9999999999,0.001,200,-132.61142857142858,-1.127197142857143,-3.943075511251447e-09,0.0,-1.0771971468002184
3000,0.0085,9999999999,0.001,200,-131.75428571428571,-1.1199114285714287,-3.95024294439502e-09,0.00011383928571428626,-1.0697975932359574
3001,0.0085,9999999999,0.001,200,-129.3257142857143,-1.0992685714285717,-3.957278263252867e-09,0.00032254464285714135,-1.0489460307429928
3002,0.0085,9999999999,0.001,200,-127.46857142857144,-1.0834828571428572,-3.964212553539275e-09,0.0002466517857142863,-1.0332362093213554
3003,0.0085,9999999999,0.001,200,-125.18285714285715,-1.0640542857142858,-3.971022500968527e-09,0.0003035714285714294,-1.0137507182567367
3004,0.0085,9999999999,0.001,200,-127.46857142857144,-1.0834828571428572,-3.9779567912549345e-09,-0.0003035714285714294,-1.0337864325493855
3005,0.0085,9999999999,0.001,200,-122.75428571428571,-1.0434114285714287,-3.984634624398459e-09,0.0006261160714285727,-0.9927853164846348
3006,0.0085,9999999999,0.001,200,-120.61142857142856,-1.025197142857143,-3.991195886113401e-09,0.00028459821428571564,-0.9749125486340531
3007,0.0085,9999999999,0.001,200,-118.32571428571428,-1.0057685714285716,-3.997632804971188e-09,0.0003035714285714275,-0.9554650039976329
3008,0.0085,9999999999,0.001,200,-115.46857142857142,-0.9814828571428572,-4.003914295257529e-09,0.00037946428571428636,-0.9311033968610571
3009,0.0085,9999999999,0.001,200,-117.18285714285715,-0.9960542857142858,-4.010289042686738e-09,-0.00022767857142857252,-0.9462819682960033
3010,0.0085,9999999999,0.001,200,-115.46857142857142,-0.9814828571428572,-4.01657053297308e-09,0.00022767857142857252,-0.9312551825879991
3011,0.0085,9999999999,0.001,200,-112.61142857142856,-0.9571971428571429,-4.022696594687978e-09,0.00037946428571428636,-0.9068176825941251
3012,0.0085,9999999999,0.001,200,-111.18285714285715,-0.9450542857142858,-4.028744942117155e-09,0.00018973214285714126,-0.8948645576001736
3013,0.0085,9999999999,0.001,200,-108.89714285714285,-0.9256257142857143,-4.0346689466891754e-09,0.0003035714285714294,-0.8753221468918118
3014,0.0085,9999999999,0.001,200,-108.46857142857142,-0.9219828571428571,-4.04056963697548e-09,5.691964285714313e-05,-0.8719259415405696
3015,0.0085,9999999999,0.001,200,-109.46857142857142,-0.9304828571428572,-4.046524727261789e-09,-0.0001328125,-0.8806156736893819
3016,0.0085,9999999999,0.001,200,-105.32571428571428,-0.8952685714285715,-4.052254446119504e-09,0.0005502232142857138,-0.8447183522665402
3017,0.0085,9999999999,0.001,200,-97.46857142857142,-0.8284828571428572,-4.05755673640575e-09,0.0010435267857142863,-0.7774393344146996
3018,0.0085,9999999999,0.001,200,-96.89714285714285,-0.8236257142857143,-4.062827940977706e-09,7.589285714285688e-05,-0.7735498254913994
3019,0.0085,9999999999,0.001,200,-88.32571428571428,-0.7507685714285715,-4.067632859835329e-09,0.001138392857142857,-0.6996301826390614
3020,0.0085,9999999999,0.001,200,-89.18285714285715,-0.7580542857142858,-4.072484407264386e-09,-0.00011383928571428626,-0.7081681290724845
3021,0.0085,9999999999,0.001,200,-90.03999999999999,-0.76534,-4.077382583264876e-09,-0.00011383928571428438,-0.7154538433630968
3022,0.0085,9999999999,0.001,200,-86.03999999999999,-0.73134,-4.0820631592653435e-09,0.00053125,-0.6808087540820631
3023,0.0085,9999999999,0.001,200,-81.46857142857142,-0.6924828571428572,-4.086495049551501e-09,0.0006071428571428569,-0.6418757183722094
3024,0.0085,9999999999,0.001,200,-81.46857142857142,-0.6924828571428572,-4.090926939837659e-09,0.0,-0.6424828612337841
3025,0.0085,9999999999,0.001,200,-76.89714285714285,-0.6536257142857143,-4.0951101444095064e-09,0.0006071428571428569,-0.6030185755236815
3026,0.0085,9999999999,0.001,200,-70.89714285714285,-0.6026257142857143,-4.098966948981321e-09,0.0007968750000000001,-0.5518288433846812
3027,0.0085,9999999999,0.001,200,-67.46857142857144,-0.5734828571428573,-4.1026372392674024e-09,0.00045535714285714136,-0.5230275041026373
3028,0.0085,9999999999,0.001,200,-62.89714285714285,-0.5346257142857143,-4.106058843839172e-09,0.0006071428571428588,-0.4840185755346303
3029,0.0085,9999999999,0.001,200,-60.03999999999999,-0.51034,-4.109325019839499e-09,0.00037946428571428636,-0.4599605398236107
3030,0.0085,9999999999,0.001,200,-62.89714285714285,-0.5346257142857143,-4.11274662441127e-09,-0.00037946428571428636,-0.4850051826841752
3031,0.0085,9999999999,0.001,200,-50.03999999999999,-0.42533999999999994,-4.115468800411542e-09,0.0017075892857142865,-0.37363241482975446
3032,0.0085,9999999999,0.001,200,-43.89714285714285,-0.3731257142857143,-4.11785680498321e-09,0.0008158482142857138,-0.32230987018928536
3033,0.0085,9999999999,0.001,200,-36.611428571428576,-0.3111971428571429,-4.119848466697694e-09,0.0009676339285714275,-0.26022951304841996
3034,0.0085,9999999999,0.001,200,-20.32571428571427,-0.1727685714285713,-4.120954185554949e-09,0.0021629464285714316,-0.12060562912095406
3035,0.0085,9999999999,0.001,200,-30.468571428571437,-0.25898285714285724,-4.122611675840829e-09,-0.0013470982142857176,-0.21032995947975464
3036,0.0085,9999999999,0.001,200,-26.897142857142853,-0.22862571428571427,-4.124074880412403e-09,0.0004743303571428588,-0.1781513880526463
3037,0.0085,9999999999,0.001,200,-21.18285714285713,-0.1800542857142856,-4.12522722784109e-09,0.0007589285714285727,-0.12929536126808427
3038,0.0085,9999999999,0.001,200,-12.32571428571427,-0.1047685714285713,-4.1258977466983e-09,0.0011763392857142864,-0.053592236268754756
3039,0.0085,9999999999,0.001,200,-3.182857142857131,-0.027054285714285614,-4.126070894126888e-09,0.0012142857142857138,0.024159995873929207
3040,0.0085,9999999999,0.001,200,3.6742857142857304,0.031231428571428712,-4.125871012984011e-09,0.0009107142857142863,0.08214213873127199
3041,0.0085,9999999999,0.001,200,11.102857142857147,0.09437428571428576,-4.125267017555379e-09,0.0009866071428571413,0.1453608887318759
3042,0.0085,9999999999,0.001,200,23.531428571428563,0.2000171428571428,-4.123986907840965e-09,0.0016506696428571414,0.25166780837601305
3043,0.0085,9999999999,0.001,200,35.388571428571424,0.30080285714285715,-4.122061769555059e-09,0.0015747767857142863,0.35237762980650966
3044,0.0085,9999999999,0.001,200,45.388571428571424,0.3858028571428571,-4.119592631269098e-09,0.001328125,0.4371309780232645
3045,0.0085,9999999999,0.001,200,56.245714285714314,0.4780885714285717,-4.116532864411649e-09,0.0014419642857142901,0.5295305315977532
3046,0.0085,9999999999,0.001,200,63.6742857142857,0.5412314285714285,-4.1130689832684455e-09,0.0009866071428571376,0.5922180316012167
3047,0.0085,9999999999,0.001,200,69.95999999999998,0.5946599999999999,-4.109263159268065e-09,0.0008348214285714275,0.6454948173193081
3048,0.0085,9999999999,0.001,200,76.53142857142859,0.6505171428571431,-4.105099849553363e-09,0.0008727678571428628,0.7013899066091862
3049,0.0085,9999999999,0.001,200,81.38857142857142,0.6918028571428572,-4.100672311267205e-09,0.0006450892857142827,0.7424479423278991
3050,0.0085,9999999999,0.001,200,89.38857142857142,0.7598028571428571,-4.095809572981005e-09,0.0010625,0.8108653530470475
3051,0.0085,9999999999,0.001,200,92.24571428571431,0.7840885714285717,-4.090791406123361e-09,0.00037946428571429005,0.8344680316234947
3052,0.0085,9999999999,0.001,200,90.95999999999998,0.7731599999999998,-4.0858431821228665e-09,-0.00017075892857143504,0.8229892369855852
3053,0.0085,9999999999,0.001,200,90.24571428571431,0.7670885714285717,-4.080933815265233e-09,-9.486607142856496e-05,0.8169937012762093
3054,0.0085,9999999999,0.001,200,80.81714285714287,0.6869457142857145,-4.076537362693364e-09,-0.0012522321428571454,0.73569347806632
3055,0.0085,9999999999,0.001,200,54.245714285714286,0.46108857142857146,-4.073586395835927e-09,-0.003529017857142859,0.5075595494978422
3056,0.0085,9999999999,0.001,200,25.960000000000008,0.22066000000000008,-4.072174171835785e-09,-0.0037566964285714283,0.26690329949925445
3057,0.0085,9999999999,0.001,200,5.67428571428573,0.04823142857142871,-4.071865490692897e-09,-0.002694196428571428,0.0955372280709918
3058,0.0085,9999999999,0.001,200,-18.611428571428576,-0.1581971428571429,-4.072877952407284e-09,-0.0032254464285714317,-0.11142259335859227
3059,0.0085,9999999999,0.001,200,-39.245714285714286,-0.33358857142857146,-4.07501291926464e-09,-0.0027404910714285712,-0.286329066575013
3060,0.0085,9999999999,0.001,200,-51.18285714285713,-0.4350542857142856,-4.07779726669349e-09,-0.0015854017857142844,-0.38663969157779715
3061,0.0085,9999999999,0.001,200,-74.03999999999999,-0.62934,-4.081825042693893e-09,-0.0030357142857142866,-0.5823757183675392
3062,0.0085,9999999999,0.001,200,-92.03999999999999,-0.78234,-4.086832018694393e-09,-0.0023906250000000004,-0.734730629086832
3063,0.0085,9999999999,0.001,200,-105.24571428571429,-0.8945885714285715,-4.092557385552109e-09,-0.0017538839285714297,-0.8463424594497003
3064,0.0085,9999999999,0.001,200,-115.24571428571429,-0.9795885714285715,-4.098826752409879e-09,-0.001328125,-0.9309167005273982
3065,0.0085,9999999999,0.001,200,-122.38857142857144,-1.0403028571428572,-4.105484690696259e-09,-0.0009486607142857157,-0.9912515219626274
3066,0.0085,9999999999,0.001,200,-128.61142857142858,-1.093197142857143,-4.112481152411245e-09,-0.0008264732142857136,-1.04402362018391
3067,0.0085,9999999999,0.001,200,-130.96,-1.1131600000000001,-4.119605376411957e-09,-0.00031191964285714335,-1.0634719237624626
3068,0.0085,9999999999,0.001,200,-133.46857142857144,-1.1344828571428573,-4.126866066698397e-09,-0.0003331696428571429,-1.0848160309125805
3069,0.0085,9999999999,0.001,200,-135.89714285714285,-1.1551257142857143,-4.1342588712705654e-09,-0.00032254464285714135,-1.1054482630628304
3070,0.0085,9999999999,0.001,200,-136.6742857142857,-1.1617314285714286,-4.141693952414166e-09,-0.0001032142857142846,-1.1118346469988367
3071,0.0085,9999999999,0.001,200,-136.38857142857142,-1.1593028571428572,-4.149113490700622e-09,3.79464285714275e-05,-1.1092649148633993
3072,0.0085,9999999999,0.001,200,-139.81714285714287,-1.1884457142857145,-4.156719543272811e-09,-0.00045535714285714504,-1.1389010755852913
3073,0.0085,9999999999,0.001,200,-141.24571428571429,-1.2005885714285716,-4.164403310130723e-09,-0.00018973214285714126,-1.150778307735832
3074,0.0085,9999999999,0.001,200,-141.46857142857144,-1.2024828571428574,-4.172099200417207e-09,-2.959821428571541e-05,-1.1525124595292422
3075,0.0085,9999999999,0.001,200,-141.46857142857144,-1.2024828571428574,-4.179795090703691e-09,0.0,-1.1524828613226525
3076,0.0085,9999999999,0.001,200,-141.5314285714286,-1.203017142857143,-4.187494400418747e-09,-8.34821428571586e-06,-1.153025495258923
3077,0.0085,9999999999,0.001,200,-142.10285714285715,-1.207874285714286,-4.195224795848091e-09,-7.5892857142855e-05,-1.1579501827666536
3078,0.0085,9999999999,0.001,200,-142.04000000000002,-1.2073400000000003,-4.202951771848864e-09,8.348214285712086e-06,-1.1573316559886664
3079,0.0085,9999999999,0.001,200,-143.18285714285713,-1.2170542857142856,-4.210740919278214e-09,-0.00015178571428571,-1.1672060756393121
3080,0.0085,9999999999,0.001,200,-143.24571428571429,-1.2175885714285715,-4.218533486136137e-09,-8.34821428571586e-06,-1.1675969238613906
3081,0.0085,9999999999,0.001,200,-143.61142857142858,-1.220697142857143,-4.2263459478512035e-09,-4.857142857142916e-05,-1.1707457185120602
3082,0.0085,9999999999,0.001,200,-140.3257142857143,-1.1927685714285716,-4.233979666709109e-09,0.0004363839285714275,-1.1423321917339797
3083,0.0085,9999999999,0.001,200,-142.3257142857143,-1.2097685714285715,-4.241722185567026e-09,-0.000265625,-1.1600342006702935
3084,0.0085,9999999999,0.001,200,-142.04000000000002,-1.2073400000000003,-4.249449161567799e-09,3.79464285714275e-05,-1.1573020578208781
3085,0.0085,9999999999,0.001,200,-142.3257142857143,-1.2097685714285715,-4.257191680425716e-09,-3.79464285714275e-05,-1.1598065221143345
3086,0.0085,9999999999,0.001,200,-143.18285714285713,-1.2170542857142856,-4.2649808278550666e-09,-0.00011383928571428249,-1.1671681292649807
3087,0.0085,9999999999,0.001,200,-142.96,-1.2151600000000002,-4.272757851855844e-09,2.9598214285711635e-05,-1.1651304060584724
3088,0.0085,9999999999,0.001,200,-142.04000000000002,-1.2073400000000003,-4.2804848278566165e-09,0.00012218749999999836,-1.1572178167804852
3089,0.0085,9999999999,0.001,200,-142.3257142857143,-1.2097685714285715,-4.288227346714534e-09,-3.79464285714275e-05,-1.1598065221453702
3090,0.0085,9999999999,0.001,200,-139.75428571428571,-1.1879114285714287,-4.2958299798581525e-09,0.0003415178571428588,-1.1375699150101157
3091,0.0085,9999999999,0.001,200,-142.89714285714285,-1.2146257142857144,-4.3036035844303576e-09,-0.00041741071428571375,-1.1650431293036037
3092,0.0085,9999999999,0.001,200,-139.75428571428571,-1.1879114285714287,-4.311206217573975e-09,0.00041741071428571375,-1.1374940221683492
3093,0.0085,9999999999,0.001,200,-139.46857142857144,-1.1854828571428573,-4.3187933078604475e-09,3.79464285714275e-05,-1.1354449150330792
3094,0.0085,9999999999,0.001,200,-135.18285714285713,-1.1490542857142856,-4.326147255289755e-09,0.0005691964285714313,-1.0984850936118613
3095,0.0085,9999999999,0.001,200,-138.3257142857143,-1.1757685714285717,-4.33367217414765e-09,-0.00041741071428571755,-1.1261859864765296
3096,0.0085,9999999999,0.001,200,-140.04000000000002,-1.1903400000000002,-4.341290350148412e-09,-0.00022767857142857252,-1.1405676829127191
3097,0.0085,9999999999,0.001,200,-137.46857142857144,-1.1684828571428574,-4.3487686404348735e-09,0.0003415178571428588,-1.1181413436344831
3098,0.0085,9999999999,0.001,200,-139.46857142857144,-1.1854828571428573,-4.356355730721346e-09,-0.000265625,-1.135748486499213
3099,0.0085,9999999999,0.001,200,-140.3257142857143,-1.1927685714285716,-4.363989449579252e-09,-0.00011383928571428626,-1.1428824150782753
3100,0.0085,9999999999,0.001,200,-140.61142857142858,-1.195197142857143,-4.3716387112943034e-09,-3.79464285714275e-05,-1.145235093657353
3101,0.0085,9999999999,0.001,200,-142.3257142857143,-1.2097685714285715,-4.37938123015222e-09,-0.00022767857142857252,-1.1599962543793814
3102,0.0085,9999999999,0.001,200,-139.04000000000002,-1.1818400000000002,-4.386945006152976e-09,0.0004363839285714275,-1.1314036204583737
3103,0.0085,9999999999,0.001,200,-139.46857142857144,-1.1854828571428573,-4.3945320964394486e-09,-5.6919642857141247e-05,-1.1355397811802463
3104,0.0085,9999999999,0.001,200,-138.89714285714285,-1.1806257142857144,-4.402088101011633e-09,7.589285714285876e-05,-1.1305498258306594
3105,0.0085,9999999999,0.001,200,-138.3257142857143,-1.1757685714285717,-4.409613019869529e-09,7.5892857142855e-05,-1.1256926829810419
3106,0.0085,9999999999,0.001,200,-139.18285714285713,-1.1830542857142856,-4.417184567298857e-09,-0.00011383928571428249,-1.1331681294171845
3107,0.0085,9999999999,0.001,200,-138.04000000000002,-1.1733400000000003,-4.424693943299609e-09,0.00015178571428571,-1.1231882187104085
3108,0.0085,9999999999,0.001,200,-135.75428571428571,-1.1539114285714287,-4.432078976443204e-09,0.00030357142857143137,-1.103607861574936
3109,0.0085,9999999999,0.001,200,-139.3257142857143,-1.1842685714285717,-4.439658295301105e-09,-0.0004743303571428588,-1.1347429062253727
3110,0.0085,9999999999,0.001,200,-138.89714285714285,-1.1806257142857144,-4.44721429987329e-09,5.691964285714502e-05,-1.1305687990900715
3111,0.0085,9999999999,0.001,200,-131.75428571428571,-1.1199114285714287,-4.454381733016863e-09,0.0009486607142857138,-1.0689627723115247
3112,0.0085,9999999999,0.001,200,-135.75428571428571,-1.1539114285714287,-4.461766766160459e-09,-0.00053125,-1.1044426830331955
3113,0.0085,9999999999,0.001,200,-139.46857142857144,-1.1854828571428573,-4.469353856446931e-09,-0.0004933035714285726,-1.1359761651836395
3114,0.0085,9999999999,0.001,200,-138.89714285714285,-1.1806257142857144,-4.476909861019116e-09,7.589285714285876e-05,-1.1305498259054814
3115,0.0085,9999999999,0.001,200,-137.18285714285713,-1.1660542857142857,-4.4843726084484335e-09,0.00022767857142857252,-1.1158266116272297
3116,0.0085,9999999999,0.001,200,-136.3257142857143,-1.1587685714285716,-4.491788727306318e-09,0.00011383928571428249,-1.108654736634646
3117,0.0085,9999999999,0.001,200,-136.3257142857143,-1.1587685714285716,-4.499204846164203e-09,0.0,-1.1087685759277763
3118,0.0085,9999999999,0.001,200,-137.46857142857144,-1.1684828571428574,-4.506683136450664e-09,-0.00015178571428571376,-1.118634647363826
3119,0.0085,9999999999,0.001,200,-136.18285714285713,-1.1575542857142858,-4.514091483879977e-09,0.00017075892857143127,-1.107383531299806
3120,0.0085,9999999999,0.001,200,-136.3257142857143,-1.1587685714285716,-4.521507602737862e-09,-1.8973214285717523e-05,-1.1087875491643648
3121,0.0085,9999999999,0.001,200,-136.61142857142858,-1.161197142857143,-4.52893926445289e-09,-3.79464285714275e-05,-1.1112350938146536
3122,0.0085,9999999999,0.001,200,-136.04000000000002,-1.1563400000000004,-4.53633984045363e-09,7.5892857142855e-05,-1.1062641116791971
3123,0.0085,9999999999,0.001,200,-134.18285714285713,-1.1405542857142856,-4.5436393878829315e-09,0.00024665178571429004,-1.0903076384722108
3124,0.0085,9999999999,0.001,200,-135.75428571428571,-1.1539114285714287,-4.5510244210265275e-09,-0.00020870535714285877,-1.104120138479596
3125,0.0085,9999999999,0.001,200,-134.89714285714285,-1.1466257142857144,-4.55836282559869e-09,0.00011383928571428626,-1.0965118795583628
3126,0.0085,9999999999,0.001,200,-135.18285714285713,-1.1490542857142856,-4.565716773027996e-09,-3.79464285714275e-05,-1.0990922367085736
3127,0.0085,9999999999,0.001,200,-134.89714285714285,-1.1466257142857144,-4.573055177600158e-09,3.79464285714275e-05,-1.0965877724301982
3128,0.0085,9999999999,0.001,200,-133.18285714285713,-1.1320542857142857,-4.580300325029455e-09,0.00022767857142857252,-1.0818266117231574
3129,0.0085,9999999999,0.001,200,-133.18285714285713,-1.1320542857142857,-4.58754547245875e-09,0.0,-1.082054290301831
3130,0.0085,9999999999,0.001,200,-133.46857142857144,-1.1344828571428573,-4.59480616274519e-09,-3.794642857143127e-05,-1.0845208081662348
3131,0.0085,9999999999,0.001,200,-133.46857142857144,-1.1344828571428573,-4.6020668530316304e-09,0.0,-1.0844828617449243
3132,0.0085,9999999999,0.001,200,-130.04000000000002,-1.1053400000000002,-4.6091410290323376e-09,0.00045535714285714136,-1.054884647466284
3133,0.0085,9999999999,0.001,200,-131.18285714285713,-1.1150542857142858,-4.616277376461623e-09,-0.00015178571428571,-1.0652060760448487
3134,0.0085,9999999999,0.001,200,-132.04000000000002,-1.1223400000000003,-4.623460352462341e-09,-0.00011383928571429004,-1.0724538439091749
3135,0.0085,9999999999,0.001,200,-138.61142857142858,-1.178197142857143,-4.631000814177381e-09,-0.000872767857142855,-1.1290699153452868
3136,0.0085,9999999999,0.001,200,-131.75428571428571,-1.1199114285714287,-4.6381682473209545e-09,0.0009107142857142863,-1.0690007189238826
3137,0.0085,9999999999,0.001,200,-130.61142857142858,-1.1101971428571429,-4.6452735090359505e-09,0.00015178571428571376,-1.0600453617881307
3138,0.0085,9999999999,0.001,200,-127.75428571428571,-1.0859114285714286,-4.652223342179503e-09,0.00037946428571428636,-1.0355319689379376
3139,0.0085,9999999999,0.001,200,-129.75428571428571,-1.1029114285714285,-4.659281975323066e-09,-0.000265625,-1.0531770582307105
3140,0.0085,9999999999,0.001,200,-129.46857142857144,-1.1004828571428573,-4.666325065609485e-09,3.79464285714275e-05,-1.050444915380611
3141,0.0085,9999999999,0.001,200,-127.46857142857144,-1.0834828571428572,-4.673259355895892e-09,0.000265625,-1.0332172368161165
3142,0.0085,9999999999,0.001,200,-123.89714285714285,-1.0531257142857142,-4.679999360467994e-09,0.0004743303571428588,-1.0026513886085706
3143,0.0085,9999999999,0.001,200,-127.04,-1.0798400000000001,-4.6869103364686855e-09,-0.00041741071428571565,-1.0302574154011963
3144,0.0085,9999999999,0.001,200,-125.75428571428571,-1.0689114285714287,-4.693751369612226e-09,0.0001707589285714294,-1.0187406743366088
3145,0.0085,9999999999,0.001,200,-124.89714285714285,-1.0616257142857144,-4.7005457741843335e-09,0.00011383928571428626,-1.0115118797005458
3146,0.0085,9999999999,0.001,200,-125.18285714285715,-1.0640542857142858,-4.707355721613586e-09,-3.794642857142938e-05,-1.0140922368502128
3147,0.0085,9999999999,0.001,200,-121.75428571428571,-1.0349114285714287,-4.713979154757106e-09,0.00045535714285714315,-0.9844560761425507
3148,0.0085,9999999999,0.001,200,-125.46857142857142,-1.066482857142857,-4.7208046450435035e-09,-0.0004933035714285706,-1.0169761654350902
3149,0.0085,9999999999,0.001,200,-120.03999999999999,-1.02034,-4.727334821044156e-09,0.0007209821428571432,-0.9696190225844776
3150,0.0085,9999999999,0.001,200,-123.75428571428571,-1.0519114285714286,-4.7340670541876865e-09,-0.0004933035714285726,-1.0024047368769242
3151,0.0085,9999999999,0.001,200,-123.75428571428571,-1.0519114285714286,-4.740799287331217e-09,0.0,-1.0019114333122279
3152,0.0085,9999999999,0.001,200,-122.03999999999999,-1.03734,-4.74743826333188e-09,0.00022767857142857252,-0.9871123261760095
3153,0.0085,9999999999,0.001,200,-121.18285714285715,-1.0300542857142858,-4.754030610761111e-09,0.00011383928571428438,-0.979940451182602
3154,0.0085,9999999999,0.001,200,-118.61142857142856,-1.0081971428571428,-4.760483072476042e-09,0.0003415178571428588,-0.957855629760483
3155,0.0085,9999999999,0.001,200,-121.18285714285715,-1.0300542857142858,-4.7670754199052724e-09,-0.0003415178571428588,-0.980395808338504
3156,0.0085,9999999999,0.001,200,-120.61142857142856,-1.025197142857143,-4.773636681620214e-09,7.589285714285876e-05,-0.9751212547736365
3157,0.0085,9999999999,0.001,200,-107.99428571428572,-0.9179514285714288,-4.779511570763658e-09,0.0016757142857142834,-0.8662757190652259
3158,0.0085,9999999999,0.001,200,-120.32571428571428,-1.0227685714285715,-4.786057289621456e-09,-0.0016377678571428559,-0.9744063440717716
3159,0.0085,9999999999,0.001,200,-120.03999999999999,-1.02034,-4.792587465622109e-09,3.794642857142938e-05,-0.9703020583640161
3160,0.0085,9999999999,0.001,200,-116.03999999999999,-0.98634,-4.79890004162274e-09,0.00053125,-0.9358087547989
3161,0.0085,9999999999,0.001,200,-113.18285714285715,-0.9620542857142858,-4.805057189051927e-09,0.0003794642857142844,-0.9116748262336286
3162,0.0085,9999999999,0.001,200,-115.46857142857142,-0.9814828571428572,-4.8113386793382695e-09,-0.0003035714285714275,-0.9317864333827672
3163,0.0085,9999999999,0.001,200,-114.89714285714285,-0.9766257142857143,-4.817589083910323e-09,7.589285714285688e-05,-0.9265498262461606
3164,0.0085,9999999999,0.001,200,-105.42285714285715,-0.8960942857142858,-4.8233240873394675e-09,0.0012583035714285695,-0.8448359869661813
3165,0.0085,9999999999,0.001,200,-109.42285714285715,-0.9300942857142859,-4.829276690768635e-09,-0.00053125,-0.8806255405435625
3166,0.0085,9999999999,0.001,200,-107.99428571428572,-0.9179514285714288,-4.83515157991208e-09,0.00018973214285714318,-0.8677617012637232
3167,0.0085,9999999999,0.001,200,-108.28,-0.9203800000000001,-4.8410420119126675e-09,-3.79464285714275e-05,-0.8704179512696135
3168,0.0085,9999999999,0.001,200,-113.70857142857143,-0.9665228571428572,-4.847227758199002e-09,-0.0007209821428571432,-0.917243844132942
3169,0.0085,9999999999,0.001,200,-109.13714285714286,-0.9276657142857144,-4.853164818771024e-09,0.0006071428571428569,-0.8770585762817364
3170,0.0085,9999999999,0.001,200,-104.85142857142857,-0.891237142857143,-4.858868736485879e-09,0.0005691964285714294,-0.8406679512874402
3171,0.0085,9999999999,0.001,200,-103.70857142857143,-0.8815228571428573,-4.8645104827721575e-09,0.00015178571428571376,-0.8313710762930819
3172,0.0085,9999999999,0.001,200,-105.99428571428572,-0.9009514285714287,-4.870276571915591e-09,-0.0003035714285714294,-0.8512550048702767
3173,0.0085,9999999999,0.001,200,-104.85142857142857,-0.891237142857143,-4.875980489630447e-09,0.00015178571428571568,-0.8410853620188377
3174,0.0085,9999999999,0.001,200,-99.70857142857143,-0.8475228571428572,-4.881404635916703e-09,0.0006830357142857138,-0.7968398263099761
3175,0.0085,9999999999,0.001,200,-98.70857142857143,-0.8390228571428572,-4.8867743822029546e-09,0.0001328125,-0.7888900495296316
3176,0.0085,9999999999,0.001,200,-100.99428571428572,-0.8584514285714288,-4.892268471346361e-09,-0.0003035714285714294,-0.8087550048922686
3177,0.0085,9999999999,0.001,200,-97.13714285714286,-0.8256657142857143,-4.897552731918317e-09,0.0005122767857142864,-0.7751534423975527
3178,0.0085,9999999999,0.001,200,-92.42285714285715,-0.7855942857142859,-4.902580535347392e-09,0.0006261160714285707,-0.7349681745454378
3179,0.0085,9999999999,0.001,200,-91.99428571428572,-0.7819514285714287,-4.90758502449075e-09,5.691964285714313e-05,-0.7318945138361566
3180,0.0085,9999999999,0.001,200,-89.42285714285715,-0.7600942857142858,-4.912449627919808e-09,0.0003415178571428569,-0.7097527727695926
3181,0.0085,9999999999,0.001,200,-87.70857142857143,-0.7455228571428573,-4.917220974206e-09,0.00022767857142857252,-0.6952951834886496
3182,0.0085,9999999999,0.001,200,-86.85142857142857,-0.7382371428571429,-4.9219456919207584e-09,0.00011383928571428626,-0.6881233084933743
3183,0.0085,9999999999,0.001,200,-92.28,-0.7843800000000001,-4.926965723921261e-09,-0.0007209821428571432,-0.7351009870698229
3184,0.0085,9999999999,0.001,200,-85.13714285714286,-0.7236657142857144,-4.931597184493153e-09,0.0009486607142857138,-0.6727170585030258
3185,0.0085,9999999999,0.001,200,-81.42285714285715,-0.6920942857142859,-4.936026587922167e-09,0.0004933035714285706,-0.6416009870788839
3186,0.0085,9999999999,0.001,200,-77.99428571428572,-0.6629514285714287,-4.940269477065449e-09,0.00045535714285714315,-0.6124960763688411
3187,0.0085,9999999999,0.001,200,-76.5657142857143,-0.6508085714285715,-4.944434651923009e-09,0.00018973214285714318,-0.600618844230149
3188,0.0085,9999999999,0.001,200,-74.13714285714286,-0.6301657142857143,-4.94846771249484e-09,0.00032254464285714314,-0.5798431745913248
3189,0.0085,9999999999,0.001,200,-71.70857142857145,-0.6095228571428574,-4.952368658780944e-09,0.00032254464285714135,-0.5592003174523688
3190,0.0085,9999999999,0.001,200,-68.28,-0.58038,-4.956083090781316e-09,0.00045535714285714504,-0.5299246478132259
3191,0.0085,9999999999,0.001,200,-70.85142857142858,-0.602237142857143,-4.959937408495987e-09,-0.0003415178571428588,-0.5525786656742233
3192,0.0085,9999999999,0.001,200,-65.70857142857145,-0.5585228571428573,-4.963511954782059e-09,0.0006830357142857138,-0.5078398263920835
3193,0.0085,9999999999,0.001,200,-62.99428571428572,-0.5354514285714287,-4.966938843925259e-09,0.00036049107142857253,-0.485090942466939
3194,0.0085,9999999999,0.001,200,-67.42285714285714,-0.5730942857142858,-4.9706066473541965e-09,-0.0005881696428571413,-0.5236824603277495
3195,0.0085,9999999999,0.001,200,-59.13714285714286,-0.5026657142857144,-4.9738237079259475e-09,0.0011004464285714276,-0.45156527283096665
3196,0.0085,9999999999,0.001,200,-55.13714285714286,-0.46866571428571435,-4.9768231684976754e-09,0.00053125,-0.41813446926253756
3197,0.0085,9999999999,0.001,200,-57.56571428571428,-0.4893085714285714,-4.979954743355132e-09,-0.00032254464285714135,-0.4396311210513833
3198,0.0085,9999999999,0.001,200,-51.42285714285714,-0.4370942857142857,-4.9827521467839824e-09,0.0008158482142857138,-0.38627844248275217
3199,0.0085,9999999999,0.001,200,-53.708571428571446,-0.45652285714285734,-4.985673893069989e-09,-0.00030357142857143137,-0.4068264335571027
3200,0.0085,9999999999,0.001,200,-51.708571428571446,-0.4395228571428573,-4.988486839355985e-09,0.000265625,-0.3892572371313442
3201,0.0085,9999999999,0.001,200,-47.13714285714286,-0.40066571428571435,-4.99105109992767e-09,0.0006071428571428588,-0.35005857641962257
3202,0.0085,9999999999,0.001,200,-41.708571428571446,-0.3545228571428573,-4.993320046213611e-09,0.0007209821428571413,-0.3038018799933202
3203,0.0085,9999999999,0.001,200,-38.851428571428585,-0.330237142857143,-4.995433563928108e-09,0.00037946428571428636,-0.2798576835668623
3204,0.0085,9999999999,0.001,200,-35.99428571428572,-0.30595142857142865,-4.997391653071161e-09,0.00037946428571428636,-0.25557196928310605
3205,0.0085,9999999999,0.001,200,-33.42285714285714,-0.2840942857142857,-4.999209856499914e-09,0.0003415178571428588,-0.2337527728563527
3206,0.0085,9999999999,0.001,200,-29.994285714285724,-0.25495142857142866,-5.000841545642934e-09,0.00045535714285714136,-0.20449607642941303
3207,0.0085,9999999999,0.001,200,-25.137142857142862,-0.21366571428571435,-5.0022090062145e-09,0.0006450892857142863,-0.16302063000220907
3208,0.0085,9999999999,0.001,200,-23.137142857142862,-0.19666571428571433,-5.0034676667860535e-09,0.000265625,-0.146400094289182
3209,0.0085,9999999999,0.001,200,-14.851428571428585,-0.126237142857143,-5.004275584500421e-09,0.0011004464285714276,-0.07513670143284713
3210,0.0085,9999999999,0.001,200,-22.56571428571428,-0.19180857142857138,-5.005503159357687e-09,-0.0010245535714285688,-0.14283313000550313
3211,0.0085,9999999999,0.001,200,-16.708571428571446,-0.1420228571428573,-5.006412105643491e-09,0.0007779017857142827,-0.09124496036355516
3212,0.0085,9999999999,0.001,200,-11.994285714285724,-0.10195142857142865,-5.0070645947864135e-09,0.0006261160714285727,-0.05132531750706468
3213,0.0085,9999999999,0.001,200,-9.137142857142862,-0.07766571428571434,-5.007561655357891e-09,0.00037946428571428636,-0.02728625500756171
3214,0.0085,9999999999,0.001,200,-7.42285714285714,-0.0630942857142857,-5.007965458786503e-09,0.00022767857142857252,-0.01286661215082259
3215,0.0085,9999999999,0.001,200,-3.9942857142857235,-0.03395142857142865,-5.008182747929383e-09,0.00045535714285714136,0.01650392356324574
3216,0.0085,9999999999,0.001,200,-0.28000000000000114,-0.0023800000000000097,-5.0081979799293834e-09,0.0004933035714285726,0.048113298563230586
3217,0.0085,9999999999,0.001,200,2.8628571428571377,0.024334285714285673,-5.008042240500797e-09,0.00041741071428571375,0.07475169142052915
3218,0.0085,9999999999,0.001,200,3.1485714285714153,0.026762857142857033,-5.007870958215066e-09,3.79464285714275e-05,0.07680079856355751
3219,0.0085,9999999999,0.001,200,6.862857142857138,0.05833428571428567,-5.007497618786457e-09,0.0004933035714285726,0.10882758427821662
3220,0.0085,9999999999,0.001,200,9.434285714285721,0.08019142857142864,-5.006984393643548e-09,0.0003415178571428588,0.1305329414215871
3221,0.0085,9999999999,0.001,200,18.291428571428554,0.15547714285714273,-5.005989339929162e-09,0.0011763392857142825,0.20665347713686766
3222,0.0085,9999999999,0.001,200,15.434285714285721,0.13119142857142865,-5.0051497147862204e-09,-0.0003794642857142825,0.18081195928056465
3223,0.0085,9999999999,0.001,200,20.291428571428554,0.17247714285714272,-5.004045861071826e-09,0.0006450892857142827,0.22312222713881114
3224,0.0085,9999999999,0.001,200,17.148571428571415,0.14576285714285703,-5.003112978786017e-09,-0.00041741071428571375,0.19534544142545834
3225,0.0085,9999999999,0.001,200,24.005714285714276,0.20404857142857136,-5.001807067928743e-09,0.0009107142857142863,0.2549592807124786
3226,0.0085,9999999999,0.001,200,29.72,0.25262,-5.000190299928582e-09,0.0007589285714285727,0.30337892357123825
3227,0.0085,9999999999,0.001,200,30.57714285714286,0.25990571428571435,-4.998526903356987e-09,0.00011383928571428626,0.3100195485729017
3228,0.0085,9999999999,0.001,200,33.43428571428572,0.28419142857142865,-4.996708078213948e-09,0.00037946428571428636,0.3345708878604348
3229,0.0085,9999999999,0.001,200,34.86285714285714,0.2963342857142857,-4.9948115387851875e-09,0.00018973214285714126,0.3465240128623313
3230,0.0085,9999999999,0.001,200,38.291428571428554,0.32547714285714274,-4.9927284850706935e-09,0.00045535714285714136,0.3759324950072714
3231,0.0085,9999999999,0.001,200,42.57714285714286,0.36190571428571433,-4.990412288499034e-09,0.0005691964285714313,0.41247490572387346
3232,0.0085,9999999999,0.001,200,41.72,0.35462,-4.988142720498807e-09,-0.00011383928571428626,0.40450615572614296
3233,0.0085,9999999999,0.001,200,46.57714285714286,0.39590571428571436,-4.985608923927125e-09,0.0006450892857142863,0.4465507985858197
3234,0.0085,9999999999,0.001,200,48.00571428571428,0.40804857142857137,-4.982997413069721e-09,0.00018973214285714126,0.4582382985884311
3235,0.0085,9999999999,0.001,200,50.291428571428554,0.4274771428571427,-4.980261559355162e-09,0.0003035714285714275,0.4777807093054526
3236,0.0085,9999999999,0.001,200,46.86285714285714,0.3983342857142857,-4.977712219926335e-09,-0.00045535714285714136,0.4478789235937163
3237,0.0085,9999999999,0.001,200,53.43428571428572,0.4541914285714287,-4.974805394783187e-09,0.0008727678571428588,0.5050641914537661
3238,0.0085,9999999999,0.001,200,59.71999999999997,0.5076199999999997,-4.971556626782862e-09,0.0008348214285714238,0.5584548164570146
3239,0.0085,9999999999,0.001,200,51.291428571428554,0.43597714285714273,-4.968766373068298e-09,-0.0011194196428571414,0.48485771824551915
3240,0.0085,9999999999,0.001,200,56.86285714285714,0.4833342857142857,-4.965673033639417e-09,0.0007399553571428588,0.5340742361057556
3241,0.0085,9999999999,0.001,200,57.43428571428569,0.48819142857142844,-4.962548608496247e-09,7.5892857142855e-05,0.5382673164660228
3242,0.0085,9999999999,0.001,200,65.14857142857142,0.5537628571428571,-4.959004526210179e-09,0.0010245535714285727,0.6047874057552812
3243,0.0085,9999999999,0.001,200,59.57714285714286,0.5064057142857143,-4.955763529638427e-09,-0.000739955357142855,0.5556657539728079
3244,0.0085,9999999999,0.001,200,60.71999999999997,0.5161199999999998,-4.952460361638096e-09,0.00015178571428571,0.5662717807618253
3245,0.0085,9999999999,0.001,200,68.57714285714286,0.5829057142857144,-4.948729765066295e-09,0.0010435267857142902,0.6339492361226989
3246,0.0085,9999999999,0.001,200,68.57714285714286,0.5829057142857144,-4.944999168494494e-09,0.0,0.6329057093407152
3247,0.0085,9999999999,0.001,200,67.71999999999997,0.5756199999999998,-4.941315200494125e-09,-0.00011383928571429004,0.6255061557729703
3248,0.0085,9999999999,0.001,200,73.14857142857142,0.6217628571428571,-4.937335918208013e-09,0.0007209821428571451,0.6724838343483783
3249,0.0085,9999999999,0.001,200,73.43428571428569,0.6241914285714284,-4.933341093064756e-09,3.79464285714275e-05,0.6742293700666588
3250,0.0085,9999999999,0.001,200,73.71999999999997,0.6266199999999998,-4.929330725064355e-09,3.79464285714275e-05,0.6766579414992406
3251,0.0085,9999999999,0.001,200,74.57714285714286,0.6339057142857144,-4.925273728492521e-09,0.00011383928571429004,0.684019548646155
3252,0.0085,9999999999,0.001,200,72.29142857142858,0.6144771428571429,-4.921341074777843e-09,-0.0003035714285714275,0.6641735665072305
3253,0.0085,9999999999,0.001,200,73.43428571428569,0.6241914285714284,-4.917346249634586e-09,0.00015178571428571,0.674343209368368
3254,0.0085,9999999999,0.001,200,70.71999999999997,0.6011199999999998,-4.913499081634202e-09,-0.00036049107142857253,0.6507595040150722
3255,0.0085,9999999999,0.001,200,75.71999999999997,0.6436199999999997,-4.90937991363379e-09,0.0006640625,0.6942840575906198
3256,0.0085,9999999999,0.001,200,76.86285714285714,0.6533342857142858,-4.905198574204801e-09,0.00015178571428571753,0.703486066523373
3257,0.0085,9999999999,0.001,200,78.57714285714286,0.6679057142857143,-4.900923977632944e-09,0.00022767857142857252,0.718133387956219
3258,0.0085,9999999999,0.001,200,73.43428571428569,0.6241914285714284,-4.896929152489688e-09,-0.0006830357142857176,0.6735083879602135
3259,0.0085,9999999999,0.001,200,77.14857142857142,0.6557628571428571,-4.892732270203553e-09,0.0004933035714285726,0.7062561558215535
3260,0.0085,9999999999,0.001,200,78.86285714285714,0.6703342857142858,-4.888442130774553e-09,0.00022767857142857252,0.7205619593972723
3261,0.0085,9999999999,0.001,200,79.14857142857142,0.6727628571428571,-4.884136448488409e-09,3.79464285714275e-05,0.7228007986872922
3262,0.0085,9999999999,0.001,200,88.29142857142858,0.750477142857143,-4.879333394773643e-09,0.0012142857142857177,0.8016914236920953
3263,0.0085,9999999999,0.001,200,76.29142857142858,0.648477142857143,-4.875183141058942e-09,-0.0015937500000000001,0.6968833879819599
3264,0.0085,9999999999,0.001,200,81.14857142857142,0.6897628571428571,-4.870768658772787e-09,0.0006450892857142827,0.7404079415578028
3265,0.0085,9999999999,0.001,200,81.43428571428569,0.6921914285714285,-4.866338633629487e-09,3.79464285714275e-05,0.7422293701336613
3266,0.0085,9999999999,0.001,200,74.57714285714286,0.6339057142857144,-4.862281637057653e-09,-0.0009107142857142827,0.6829949951377184
3267,0.0085,9999999999,0.001,200,78.57714285714286,0.6679057142857143,-4.858007040485797e-09,0.00053125,0.7184369594277074
3268,0.0085,9999999999,0.001,200,77.14857142857142,0.6557628571428571,-4.8538101581996634e-09,-0.00018973214285714502,0.7055731201461899
3269,0.0085,9999999999,0.001,200,77.57714285714286,0.6594057142857144,-4.849589961627812e-09,5.691964285714502e-05,0.7094626290789816
3270,0.0085,9999999999,0.001,200,74.0057142857143,0.6290485714285716,-4.845564050770267e-09,-0.000474330357142855,0.6785742362258648
3271,0.0085,9999999999,0.001,200,71.71999999999997,0.6096199999999998,-4.841662482769877e-09,-0.00030357142857143505,0.659316423729766
3272,0.0085,9999999999,0.001,200,68.57714285714286,0.5829057142857144,-4.837931886198076e-09,-0.00041741071428571,0.6324882987334969
3273,0.0085,9999999999,0.001,200,63.43428571428569,0.5391914285714284,-4.8344810610548735e-09,-0.0006830357142857176,0.5885083880226617
3274,0.0085,9999999999,0.001,200,62.86285714285714,0.5343342857142858,-4.8310613216259605e-09,-7.5892857142855e-05,0.5842583880260817
3275,0.0085,9999999999,0.001,200,63.148571428571415,0.5367628571428571,-4.827626039339902e-09,3.79464285714275e-05,0.5868007987438025
3276,0.0085,9999999999,0.001,200,61.148571428571415,0.5197628571428571,-4.824299557053856e-09,-0.000265625,0.5694972273185576
3277,0.0085,9999999999,0.001,200,53.72,0.45662,-4.8213771890535625e-09,-0.0009866071428571413,0.5056333880357657
3278,0.0085,9999999999,0.001,200,56.86285714285714,0.4833342857142857,-4.8182838496246825e-09,0.00041741071428571375,0.5337516916102876
3279,0.0085,9999999999,0.001,200,50.291428571428554,0.4274771428571427,-4.815547995910123e-09,-0.0008727678571428588,0.47660437018445184
3280,0.0085,9999999999,0.001,200,52.86285714285714,0.4493342857142857,-4.812672256481264e-09,0.0003415178571428588,0.4996757987587563
3281,0.0085,9999999999,0.001,200,40.57714285714286,0.3449057142857143,-4.8104648599096145e-09,-0.0016316964285714277,0.39327401304667803
3282,0.0085,9999999999,0.001,200,43.148571428571415,0.36676285714285706,-4.808117577623666e-09,0.000341517857142855,0.41710437019188235
3283,0.0085,9999999999,0.001,200,33.148571428571415,0.28176285714285704,-4.8063142953377704e-09,-0.001328125,0.3304347273365427
3284,0.0085,9999999999,0.001,200,36.72,0.31212,-4.804316727337571e-09,0.0004743303571428588,0.3625943255528261
3285,0.0085,9999999999,0.001,200,32.86285714285714,0.2793342857142857,-4.802528987908821e-09,-0.0005122767857142864,0.3288220041260424
3286,0.0085,9999999999,0.001,200,27.72,0.23562,-4.801021019908669e-09,-0.0006830357142857138,0.2849369594846933
3287,0.0085,9999999999,0.001,200,24.57714285714286,0.20890571428571433,-4.799684023337108e-09,-0.00041741071428571375,0.2584882987717446
3288,0.0085,9999999999,0.001,200,21.43428571428572,0.18219142857142864,-4.798517998194134e-09,-0.00041741071428571375,0.23177401305862494
3289,0.0085,9999999999,0.001,200,18.148571428571415,0.15426285714285703,-4.797530715908321e-09,-0.0004363839285714314,0.2038264684167549
3290,0.0085,9999999999,0.001,200,15.434285714285721,0.13119142857142865,-4.796691090765379e-09,-0.00036049107142856874,0.18083093270330897
3291,0.0085,9999999999,0.001,200,12.57714285714286,0.10690571428571431,-4.796006894193883e-09,-0.00037946428571428636,0.15652624520399314
3292,0.0085,9999999999,0.001,200,9.719999999999999,0.08262,-4.79547812619383e-09,-0.00037946428571428636,0.1322405309188076
3293,0.0085,9999999999,0.001,200,7.148571428571415,0.060762857142857035,-4.795089243908077e-09,-0.0003415178571428588,0.11042133449062494
3294,0.0085,9999999999,0.001,200,3.719999999999999,0.031619999999999995,-4.7948868759080566e-09,-0.00045535714285714136,0.08116463806225598
3295,0.0085,9999999999,0.001,200,3.1485714285714153,0.026762857142857033,-4.7947155936223246e-09,-7.589285714285876e-05,0.07668695949099859
3296,0.0085,9999999999,0.001,200,-1.42285714285714,-0.012094285714285691,-4.7947929970509045e-09,-0.000607142857142855,0.03729856663377846
3297,0.0085,9999999999,0.001,200,-3.1371428571428623,-0.02666571428571433,-4.79496365762235e-09,-0.00022767857142857252,0.02310660234789344
3298,0.0085,9999999999,0.001,200,-6.565714285714279,-0.055808571428571374,-4.795320832479529e-09,-0.00045535714285714136,-0.0062639333667493455
3299,0.0085,9999999999,0.001,200,-12.280000000000001,-0.10438000000000001,-4.795988864479596e-09,-0.0007589285714285727,-0.05513893336741746
3300,0.0085,9999999999,0.001,200,-5.708571428571446,-0.04852285714285729,-4.79629941076534e-09,0.000872767857142855,0.0023499059179861517
3301,0.0085,9999999999,0.001,200,-11.708571428571446,-0.0995228571428573,-4.796936357051119e-09,-0.0007968750000000001,-0.05031973693979366
3302,0.0085,9999999999,0.001,200,-14.280000000000001,-0.12138000000000002,-4.7977131890511965e-09,-0.000341517857142855,-0.07172152265485605
3303,0.0085,9999999999,0.001,200,-16.137142857142862,-0.13716571428571434,-4.798591049622712e-09,-0.0002466517857142863,-0.08741237087001967
3304,0.0085,9999999999,0.001,200,-17.708571428571446,-0.1505228571428573,-4.799554395908523e-09,-0.00020870535714285877,-0.10073156729955453
3305,0.0085,9999999999,0.001,200,-19.42285714285714,-0.1650942857142857,-4.8006109993371996e-09,-0.00022767857142856875,-0.11532196908632526
3306,0.0085,9999999999,0.001,200,-19.994285714285724,-0.16995142857142867,-4.801698688480166e-09,-7.589285714285876e-05,-0.1200273262302702
3307,0.0085,9999999999,0.001,200,-23.42285714285714,-0.1990942857142857,-4.8029728919088655e-09,-0.00045535714285714136,-0.1495496476601157
3308,0.0085,9999999999,0.001,200,-28.994285714285724,-0.24645142857142865,-4.804550181051881e-09,-0.0007399553571428588,-0.1971913887331217
3309,0.0085,9999999999,0.001,200,-27.42285714285714,-0.2330942857142857,-4.806041984480601e-09,0.00020870535714285877,-0.18288558516318482
3310,0.0085,9999999999,0.001,200,-23.42285714285714,-0.1990942857142857,-4.807316187909301e-09,0.00053125,-0.14856304052160185
3311,0.0085,9999999999,0.001,200,-29.56571428571428,-0.2513085714285714,-4.808924562766603e-09,-0.0008158482142857138,-0.20212442445178164
3312,0.0085,9999999999,0.001,200,-28.851428571428585,-0.245237142857143,-4.810494080481046e-09,9.486607142856874e-05,-0.1951422815962085
3313,0.0085,9999999999,0.001,200,-33.13714285714286,-0.28166571428571435,-4.812296741052654e-09,-0.0005691964285714275,-0.23223491552658254
3314,0.0085,9999999999,0.001,200,-31.42285714285714,-0.26709428571428573,-4.814006144481397e-09,0.00022767857142857252,-0.2168666119568633
3315,0.0085,9999999999,0.001,200,-34.56571428571428,-0.29380857142857136,-4.8158865193387285e-09,-0.00041741071428571375,-0.2442259869587436
3316,0.0085,9999999999,0.001,200,-34.708571428571446,-0.2950228571428573,-4.817774665624631e-09,-1.8973214285717523e-05,-0.24504183517491773
3317,0.0085,9999999999,0.001,200,-34.851428571428585,-0.296237142857143,-4.819670583339107e-09,-1.897321428571375e-05,-0.24625612089109933
3318,0.0085,9999999999,0.001,200,-34.56571428571428,-0.29380857142857136,-4.821550958196438e-09,3.794642857143127e-05,-0.2437706298215509
3319,0.0085,9999999999,0.001,200,-40.28,-0.34238,-4.823742190196657e-09,-0.0007589285714285727,-0.2931389333951708
3320,0.0085,9999999999,0.001,200,-40.56571428571428,-0.3448085714285714,-4.82594896505402e-09,-3.79464285714275e-05,-0.2948465226830918
3321,0.0085,9999999999,0.001,200,-36.89714285714285,-0.3136257142857143,-4.82795616962565e-09,0.00048723214285714255,-0.2631384869708133
3322,0.0085,9999999999,0.001,200,-40.851428571428585,-0.347237142857143,-4.830178487340158e-09,-0.0005251785714285738,-0.2977623262587501
3323,0.0085,9999999999,0.001,200,-40.851428571428585,-0.347237142857143,-4.832400805054666e-09,0.0,-0.29723714768954385
3324,0.0085,9999999999,0.001,200,-45.28,-0.38488000000000006,-4.834864037054912e-09,-0.0005881696428571413,-0.33546817447772126
3325,0.0085,9999999999,0.001,200,-49.13714285714286,-0.41766571428571436,-4.8375370976266084e-09,-0.0005122767857142864,-0.36817799590896577
3326,0.0085,9999999999,0.001,200,-46.28,-0.39338000000000006,-4.84005472962686e-09,0.00037946428571428636,-0.34300054055434054
3327,0.0085,9999999999,0.001,200,-43.99428571428572,-0.37395142857142866,-4.842448018769957e-09,0.0003035714285714275,-0.32364786198530526
3328,0.0085,9999999999,0.001,200,-44.851428571428585,-0.381237142857143,-4.844887936484487e-09,-0.00011383928571428626,-0.33135098698774523
3329,0.0085,9999999999,0.001,200,-43.708571428571446,-0.3715228571428573,-4.847265682770438e-09,0.00015178571428571376,-0.32137107627583733
3330,0.0085,9999999999,0.001,200,-43.42285714285714,-0.3690942857142857,-4.849627886199247e-09,3.794642857143127e-05,-0.3190563441353422
3331,0.0085,9999999999,0.001,200,-45.42285714285714,-0.3860942857142857,-4.8520988896280645e-09,-0.000265625,-0.3363599155663846
3332,0.0085,9999999999,0.001,200,-47.42285714285714,-0.40309428571428574,-4.854678693056894e-09,-0.000265625,-0.35335991556896446
3333,0.0085,9999999999,0.001,200,-48.28,-0.41038,-4.8573051250571575e-09,-0.00011383928571428626,-0.36049384414301944
3334,0.0085,9999999999,0.001,200,-48.28,-0.41038,-4.8599315570574205e-09,0.0,-0.3603800048599316
3335,0.0085,9999999999,0.001,200,-51.13714285714286,-0.4346657142857144,-4.862713417629127e-09,-0.00037946428571428636,-0.38504518343414207
3336,0.0085,9999999999,0.001,200,-49.42285714285714,-0.4200942857142857,-4.865402021057967e-09,0.00022767857142857252,-0.36986661200825915
3337,0.0085,9999999999,0.001,200,-49.42285714285714,-0.4200942857142857,-4.868090624486808e-09,0.0,-0.3700942905823763
3338,0.0085,9999999999,0.001,200,-49.13714285714286,-0.41766571428571436,-4.870763685058504e-09,3.79464285714275e-05,-0.36762777272790664
3339,0.0085,9999999999,0.001,200,-47.99428571428572,-0.4079514285714287,-4.873374574201622e-09,0.00015178571428571376,-0.3577996477305176
3340,0.0085,9999999999,0.001,200,-50.56571428571428,-0.4298085714285714,-4.876125349059039e-09,-0.000341517857142855,-0.3801500941618396
3341,0.0085,9999999999,0.001,200,-50.99428571428572,-0.43345142857142865,-4.878899438202174e-09,-5.691964285714502e-05,-0.38350835309318526
3342,0.0085,9999999999,0.001,200,-50.851428571428585,-0.432237142857143,-4.8816657559167365e-09,1.897321428571375e-05,-0.382218174524523
3343,0.0085,9999999999,0.001,200,-47.708571428571446,-0.4055228571428573,-4.884261102202711e-09,0.00041741071428571375,-0.3551054513128327
3344,0.0085,9999999999,0.001,200,-49.28,-0.41888000000000003,-4.8869419342029785e-09,-0.000208705357142855,-0.3690887102440848
3345,0.0085,9999999999,0.001,200,-45.42285714285714,-0.3860942857142857,-4.889412937631797e-09,0.0005122767857142864,-0.33558201381798436
3346,0.0085,9999999999,0.001,200,-47.708571428571446,-0.4055228571428573,-4.89200828391777e-09,-0.00030357142857143137,-0.35582643346343706
3347,0.0085,9999999999,0.001,200,-46.56571428571428,-0.3958085714285714,-4.894541458775167e-09,0.00015178571428571753,-0.34565679060882715
3348,0.0085,9999999999,0.001,200,-43.99428571428572,-0.37395142857142866,-4.896934747918263e-09,0.000341517857142855,-0.32360991561122054
3349,0.0085,9999999999,0.001,200,-46.28,-0.39338000000000006,-4.899452379918515e-09,-0.0003035714285714275,-0.3436835763280239
3350,0.0085,9999999999,0.001,200,-44.28,-0.37638000000000005,-4.901861211918756e-09,0.000265625,-0.32611437990186126
3351,0.0085,9999999999,0.001,200,-42.851428571428585,-0.364237142857143,-4.9041923296332745e-09,0.00018973214285714126,-0.31404741561847815
3352,0.0085,9999999999,0.001,200,-43.42285714285714,-0.3690942857142857,-4.906554533062082e-09,-7.5892857142855e-05,-0.31917018347798315
3353,0.0085,9999999999,0.001,200,-44.851428571428585,-0.381237142857143,-4.908994450776613e-09,-0.00018973214285714502,-0.3314268799089946
3354,0.0085,9999999999,0.001,200,-41.99428571428572,-0.3569514285714287,-4.911278939919697e-09,0.00037946428571428636,-0.30657196919699337
3355,0.0085,9999999999,0.001,200,-37.99428571428572,-0.32295142857142867,-4.913345829062762e-09,0.00053125,-0.27242018348477454
3356,0.0085,9999999999,0.001,200,-39.99428571428572,-0.3399514285714287,-4.915521518205836e-09,-0.000265625,-0.29021705848695023
3357,0.0085,9999999999,0.001,200,-39.42285714285714,-0.33509428571428573,-4.917666121634622e-09,7.589285714285876e-05,-0.285018397774809
3358,0.0085,9999999999,0.001,200,-38.56571428571428,-0.3278085714285714,-4.919764096491975e-09,0.00011383928571428626,-0.2776947370626212
3359,0.0085,9999999999,0.001,200,-39.708571428571446,-0.3375228571428573,-4.921924242777905e-09,-0.00015178571428571753,-0.28767464777906726
3360,0.0085,9999999999,0.001,200,-41.851428571428585,-0.355737142857143,-4.924200960492419e-09,-0.00028459821428571374,-0.30602174599562965
3361,0.0085,9999999999,0.001,200,-35.708571428571446,-0.3035228571428573,-4.926143506778327e-09,0.0008158482142857138,-0.2527070138547151
3362,0.0085,9999999999,0.001,200,-34.851428571428585,-0.296237142857143,-4.928039424492803e-09,0.00011383928571428626,-0.24612330849946812
3363,0.0085,9999999999,0.001,200,-34.851428571428585,-0.296237142857143,-4.929935342207278e-09,0.0,-0.24623714778707834
3364,0.0085,9999999999,0.001,200,-32.851428571428585,-0.279237142857143,-4.931722459921743e-09,0.000265625,-0.2289715227888655
3365,0.0085,9999999999,0.001,200,-31.137142857142862,-0.26466571428571434,-4.933416320493341e-09,0.00022767857142857252,-0.2144380406477021
3366,0.0085,9999999999,0.001,200,-35.28,-0.29988000000000004,-4.935335552493533e-09,-0.0005502232142857138,-0.2504302281496213
3367,0.0085,9999999999,0.001,200,-31.708571428571446,-0.2695228571428573,-4.93706049877942e-09,0.000474330357142855,-0.21904853172277494
3368,0.0085,9999999999,0.001,200,-34.28,-0.29138000000000003,-4.9389253307796054e-09,-0.000341517857142855,-0.24172152279606823
3369,0.0085,9999999999,0.001,200,-30.56571428571428,-0.2598085714285714,-4.9405881056369145e-09,0.0004933035714285726,-0.20931527279773093
3370,0.0085,9999999999,0.001,200,-25.708571428571446,-0.2185228571428573,-4.9419866519227685e-09,0.0006450892857142827,-0.1678777727991297
3371,0.0085,9999999999,0.001,200,-30.42285714285714,-0.2585942857142857,-4.9436416553515056e-09,-0.0006261160714285688,-0.209220406729356
3372,0.0085,9999999999,0.001,200,-28.28,-0.24038000000000004,-4.945180087351658e-09,0.00028459821428571374,-0.19009540673089442
3373,0.0085,9999999999,0.001,200,-25.42285714285714,-0.2160942857142857,-4.946563090780369e-09,0.00037946428571428636,-0.16571482637513452
3374,0.0085,9999999999,0.001,200,-27.708571428571446,-0.2355228571428573,-4.948070437066234e-09,-0.00030357142857143137,-0.18582643351949918
3375,0.0085,9999999999,0.001,200,-24.851428571428585,-0.21123714285714298,-4.949422354780655e-09,0.00037946428571428636,-0.16085768352085106
3376,0.0085,9999999999,0.001,200,-20.56571428571428,-0.17480857142857137,-4.9505411296379096e-09,0.0005691964285714313,-0.12423937995054106
3377,0.0085,9999999999,0.001,200,-21.994285714285724,-0.18695142857142866,-4.951737618780886e-09,-0.00018973214285714502,-0.1371411656660234
3378,0.0085,9999999999,0.001,200,-21.851428571428585,-0.185737142857143,-4.952926336495291e-09,1.897321428571375e-05,-0.1357181745957836
3379,0.0085,9999999999,0.001,200,-26.56571428571428,-0.2258085714285714,-4.954371511352577e-09,-0.0006261160714285688,-0.1764346924543715
3380,0.0085,9999999999,0.001,200,-21.42285714285714,-0.1820942857142857,-4.9555369147812645e-09,0.0006830357142857138,-0.1314112549555369
3381,0.0085,9999999999,0.001,200,-17.851428571428585,-0.151737142857143,-4.9565080324956486e-09,0.000474330357142855,-0.10126281745650816
3382,0.0085,9999999999,0.001,200,-20.851428571428585,-0.17723714285714298,-4.9576423502100466e-09,-0.00039843750000000003,-0.1276355853147853
3383,0.0085,9999999999,0.001,200,-17.708571428571446,-0.1505228571428573,-4.958605696495858e-09,0.00041741071428571375,-0.10010545138717726
3384,0.0085,9999999999,0.001,200,-17.42285714285714,-0.1480942857142857,-4.959553499924524e-09,3.794642857143127e-05,-0.09805634424526775
3385,0.0085,9999999999,0.001,200,-13.851428571428585,-0.11773714285714298,-4.960307017638886e-09,0.000474330357142855,-0.06726281746030714
3386,0.0085,9999999999,0.001,200,-17.994285714285724,-0.15295142857142865,-4.96128590678184e-09,-0.0005502232142857138,-0.10350165674700028
3387,0.0085,9999999999,0.001,200,-14.565714285714279,-0.12380857142857138,-4.962078281639061e-09,0.00045535714285714504,-0.0733532192477925
3388,0.0085,9999999999,0.001,200,-13.42285714285714,-0.1140942857142857,-4.962808485067706e-09,0.00015178571428571376,-0.06394250496280847
3389,0.0085,9999999999,0.001,200,-14.42285714285714,-0.1225942857142857,-4.963593088496356e-09,-0.0001328125,-0.07272710317787878
3390,0.0085,9999999999,0.001,200,-12.851428571428585,-0.10923714285714298,-4.964292206210711e-09,0.000208705357142855,-0.05902844246429231
3391,0.0085,9999999999,0.001,200,-11.42285714285714,-0.0970942857142857,-4.964913609639346e-09,0.00018973214285714502,-0.046904558536342164
3392,0.0085,9999999999,0.001,200,-12.280000000000001,-0.10438000000000001,-4.965581641639413e-09,-0.00011383928571428626,-0.05449384425129594
3393,0.0085,9999999999,0.001,200,-14.280000000000001,-0.12138000000000002,-4.96635847363949e-09,-0.000265625,-0.0716456299663585
3394,0.0085,9999999999,0.001,200,-13.137142857142862,-0.11166571428571434,-4.967073134210991e-09,0.00015178571428571376,-0.06151393353850175
3395,0.0085,9999999999,0.001,200,-11.994285714285724,-0.10195142857142865,-4.967725623353912e-09,0.00015178571428571376,-0.05179964782486855
3396,0.0085,9999999999,0.001,200,2.291428571428554,0.01947714285714271,-4.967600969639614e-09,0.0018973214285714277,0.07137445931811318
3397,0.0085,9999999999,0.001,200,-2.42285714285714,-0.02059428571428569,-4.9677327730682e-09,-0.0006261160714285688,0.02877959324655297
3398,0.0085,9999999999,0.001,200,-3.9942857142857235,-0.03395142857142865,-4.9679500622110784e-09,-0.00020870535714285877,0.015839861103478424
3399,0.0085,9999999999,0.001,200,-5.42285714285714,-0.04609428571428569,-4.968245065639679e-09,-0.00018973214285714126,0.003715977174612105
3400,0.0085,9999999999,0.001,200,-5.708571428571446,-0.04852285714285729,-4.968555611925424e-09,-3.794642857143127e-05,0.0014391914600156708
3401,0.0085,9999999999,0.001,200,-3.1371428571428623,-0.02666571428571433,-4.96872627249687e-09,0.0003415178571428588,0.023675798602702258
3402,0.0085,9999999999,0.001,200,-1.708571428571446,-0.014522857142857292,-4.968819218782593e-09,0.00018973214285714126,0.03566687003118063
3403,0.0085,9999999999,0.001,200,-11.994285714285724,-0.10195142857142865,-4.9694717079255156e-09,-0.0013660714285714276,-0.05331750496947178
3404,0.0085,9999999999,0.001,200,-3.708571428571446,-0.03152285714285729,-4.96967345421125e-09,0.0011004464285714276,0.019577584316040682
3405,0.0085,9999999999,0.001,200,1.1485714285714153,0.00976285714285703,-4.96961097192553e-09,0.0006450892857142863,0.06040794145896035
3406,0.0085,9999999999,0.001,200,0.29142857142855405,0.0024771428571427096,-4.969595118211243e-09,-0.00011383928571428626,0.05236329860183331
3407,0.0085,9999999999,0.001,200,-3.9942857142857235,-0.03395142857142865,-4.969812407354122e-09,-0.0005691964285714275,0.015479370030187511
3408,0.0085,9999999999,0.001,200,0.8628571428571377,0.007334285714285671,-4.9697654679255445e-09,0.0006450892857142863,0.05797937003023449
3409,0.0085,9999999999,0.001,200,0.8628571428571377,0.007334285714285671,-4.969718528496969e-09,0.0,0.057334280744567145
3410,0.0085,9999999999,0.001,200,1.7199999999999989,0.01461999999999999,-4.969624960496959e-09,0.00011383928571428626,0.06473383431608933
3411,0.0085,9999999999,0.001,200,9.434285714285721,0.08019142857142864,-4.969111735354049e-09,0.0010245535714285727,0.13121597717374547
3412,0.0085,9999999999,0.001,200,4.719999999999999,0.040119999999999996,-4.968854967354024e-09,-0.0006261160714285727,0.08949387895971646
3413,0.0085,9999999999,0.001,200,4.862857142857138,0.04133428571428567,-4.968590427925425e-09,1.897321428571375e-05,0.09135325395998095
3414,0.0085,9999999999,0.001,200,4.862857142857138,0.04133428571428567,-4.968325888496828e-09,0.0,0.09133428074595978
3415,0.0085,9999999999,0.001,200,-0.28000000000000114,-0.0023800000000000097,-4.9683411204968306e-09,-0.0006830357142857138,0.046936959317373156
3416,0.0085,9999999999,0.001,200,6.291428571428554,0.053477142857142716,-4.96799886678251e-09,0.000872767857142855,0.1043499057462867
3417,0.0085,9999999999,0.001,200,5.148571428571415,0.043762857142857034,-4.9677187844967675e-09,-0.00015178571428571376,0.09361106646085254
3418,0.0085,9999999999,0.001,200,6.57714285714286,0.055905714285714316,-4.967360987925304e-09,0.00018973214285714502,0.10609544146121047
3419,0.0085,9999999999,0.001,200,9.719999999999999,0.08262,-4.96683221992525e-09,0.00041741071428571375,0.13303740574745349
3420,0.0085,9999999999,0.001,200,7.148571428571415,0.060762857142857035,-4.9664433376394975e-09,-0.0003415178571428588,0.11042133431927084
3421,0.0085,9999999999,0.001,200,5.434285714285721,0.04619142857142863,-4.966147712496611e-09,-0.00022767857142856875,0.09596374503385235
3422,0.0085,9999999999,0.001,200,4.862857142857138,0.04133428571428567,-4.965883173068013e-09,-7.589285714285876e-05,0.09125838789125965
3423,0.0085,9999999999,0.001,200,7.719999999999999,0.06562,-4.96546320506797e-09,0.00037946428571428636,0.11599945932025107
3424,0.0085,9999999999,0.001,200,9.434285714285721,0.08019142857142864,-4.964949979925062e-09,0.00022767857142857252,0.13041910217790723
3425,0.0085,9999999999,0.001,200,9.719999999999999,0.08262,-4.964421211925008e-09,3.79464285714275e-05,0.13265794146415022
3426,0.0085,9999999999,0.001,200,8.005714285714276,0.06804857142857136,-4.9639857010678226e-09,-0.00022767857142857252,0.1178208878931571
3427,0.0085,9999999999,0.001,200,6.57714285714286,0.055905714285714316,-4.963627904496358e-09,-0.00018973214285714126,0.10571597717922927
3428,0.0085,9999999999,0.001,200,9.719999999999999,0.08262,-4.963099136496305e-09,0.00041741071428571375,0.13303740575118655
3429,0.0085,9999999999,0.001,200,10.862857142857138,0.09233428571428567,-4.962508197067674e-09,0.00015178571428571376,0.1424860664660632
3430,0.0085,9999999999,0.001,200,11.148571428571415,0.09476285714285704,-4.9619017147819e-09,3.79464285714275e-05,0.14480079860952677
3431,0.0085,9999999999,0.001,200,8.57714285714286,0.07290571428571431,-4.961435118210424e-09,-0.000341517857142855,0.12256419146713633
3432,0.0085,9999999999,0.001,200,10.005714285714276,0.08504857142857136,-4.960890807353227e-09,0.00018973214285714126,0.1352382986105377
3433,0.0085,9999999999,0.001,200,9.148571428571415,0.07776285714285704,-4.960393125067463e-09,-0.00011383928571428626,0.12764901289674963
3434,0.0085,9999999999,0.001,200,10.291428571428554,0.08747714285714271,-4.959833271353121e-09,0.00015178571428571376,0.13762892361159518
3435,0.0085,9999999999,0.001,200,11.148571428571415,0.09476285714285704,-4.959226789067345e-09,0.00011383928571428626,0.14487669146934454
3436,0.0085,9999999999,0.001,200,15.434285714285721,0.13119142857142865,-4.958387163924404e-09,0.0005691964285714313,0.18176062004161292
3437,0.0085,9999999999,0.001,200,11.434285714285721,0.09719142857142864,-4.9577651387814846e-09,-0.00053125,0.1466601736136635
3438,0.0085,9999999999,0.001,200,5.148571428571415,0.043762857142857034,-4.957485056495742e-09,-0.0008348214285714313,0.09292803075680055
3439,0.0085,9999999999,0.001,200,10.005714285714276,0.08504857142857136,-4.956940745638544e-09,0.0006450892857142863,0.1356936557573449
3440,0.0085,9999999999,0.001,200,11.57714285714286,0.09840571428571432,-4.956310949067053e-09,0.00020870535714285877,0.14861441468654624
3441,0.0085,9999999999,0.001,200,10.005714285714276,0.08504857142857136,-4.9557666382098555e-09,-0.00020870535714285877,0.13483986111566187
3442,0.0085,9999999999,0.001,200,7.434285714285721,0.06319142857142863,-4.955362213066959e-09,-0.000341517857142855,0.11284990575892356
3443,0.0085,9999999999,0.001,200,11.148571428571415,0.09476285714285704,-4.954755730781183e-09,0.0004933035714285688,0.14525615575952988
3444,0.0085,9999999999,0.001,200,11.57714285714286,0.09840571428571432,-4.954125934209691e-09,5.691964285714502e-05,0.14846262897444554
3445,0.0085,9999999999,0.001,200,14.57714285714286,0.12390571428571431,-4.953332937638183e-09,0.00039843750000000003,0.17430414683238138
3446,0.0085,9999999999,0.001,200,11.719999999999999,0.09962,-4.952695369638119e-09,-0.00037946428571428636,0.14924053076159036
3447,0.0085,9999999999,0.001,200,12.57714285714286,0.10690571428571431,-4.9520111730666234e-09,0.00011383928571428626,0.15701954861941742
3448,0.0085,9999999999,0.001,200,10.57714285714286,0.08990571428571431,-4.951435776495137e-09,-0.000265625,0.13964008433427855
3449,0.0085,9999999999,0.001,200,9.719999999999999,0.08262,-4.950907008495083e-09,-0.00011383928571428626,0.1325061557633787
3450,0.0085,9999999999,0.001,200,13.148571428571415,0.11176285714285704,-4.9501917262092975e-09,0.00045535714285714136,0.16221820933552245
3451,0.0085,9999999999,0.001,200,12.57714285714286,0.10690571428571431,-4.9495075296378e-09,-7.5892857142855e-05,0.15682981647906394
3452,0.0085,9999999999,0.001,200,18.005714285714276,0.15304857142857137,-4.9485280187805595e-09,0.0007209821428571413,0.20376954862290048
3453,0.0085,9999999999,0.001,200,13.148571428571415,0.11176285714285704,-4.947812736494773e-09,-0.0006450892857142863,0.16111776290933
3454,0.0085,9999999999,0.001,200,10.291428571428554,0.08747714285714271,-4.947252882780432e-09,-0.00037946428571428636,0.13709767362417555
3455,0.0085,9999999999,0.001,200,12.862857142857138,0.10933428571428568,-4.94655314335179e-09,0.0003415178571428588,0.1596757986248754
3456,0.0085,9999999999,0.001,200,8.291428571428554,0.07047714285714271,-4.946102089637459e-09,-0.0006071428571428588,0.11986999505389777
3457,0.0085,9999999999,0.001,200,9.434285714285721,0.08019142857142864,-4.945588864494551e-09,0.00015178571428571753,0.1303432093401255
3458,0.0085,9999999999,0.001,200,9.719999999999999,0.08262,-4.945060096494497e-09,3.79464285714275e-05,0.13265794148351134
3459,0.0085,9999999999,0.001,200,3.719999999999999,0.031619999999999995,-4.944857728494477e-09,-0.0007968750000000001,0.08082312005514226
3460,0.0085,9999999999,0.001,200,10.291428571428554,0.08747714285714271,-4.944297874780135e-09,0.000872767857142855,0.13834990576998768
3461,0.0085,9999999999,0.001,200,7.148571428571415,0.060762857142857035,-4.943908992494382e-09,-0.00041741071428571375,0.11034544148466233
3462,0.0085,9999999999,0.001,200,3.4342857142857213,0.029191428571428632,-4.943722167351506e-09,-0.0004933035714285688,0.0786981200562779
3463,0.0085,9999999999,0.001,200,-1.1371428571428623,-0.009665714285714331,-4.943784027922941e-09,-0.0006071428571428588,0.03972713791335879
3464,0.0085,9999999999,0.001,200,8.57714285714286,0.07290571428571431,-4.943317431351465e-09,0.0012901785714285725,0.12419588791382545
3465,0.0085,9999999999,0.001,200,4.57714285714286,0.038905714285714314,-4.943068434780012e-09,-0.00053125,0.08837445934264589
3466,0.0085,9999999999,0.001,200,6.291428571428554,0.053477142857142716,-4.9427261810656914e-09,0.00022767857142856875,0.1037048164858451
3467,0.0085,9999999999,0.001,200,6.57714285714286,0.055905714285714316,-4.942368384494227e-09,3.794642857143127e-05,0.10594365577191736
3468,0.0085,9999999999,0.001,200,9.862857142857138,0.08383428571428568,-4.941831845065602e-09,0.0004363839285714275,0.13427066470102528
3469,0.0085,9999999999,0.001,200,5.434285714285721,0.04619142857142863,-4.941536219922715e-09,-0.0005881696428571413,0.09560325398703527
3470,0.0085,9999999999,0.001,200,1.1485714285714153,0.00976285714285703,-4.941473737636994e-09,-0.0005691964285714313,0.05919365577281187
3471,0.0085,9999999999,0.001,200,1.7199999999999989,0.01461999999999999,-4.9413801696369855e-09,7.589285714285876e-05,0.06469588791576268
3472,0.0085,9999999999,0.001,200,4.0057142857142765,0.03404857142857135,-4.9411622587798206e-09,0.0003035714285714275,0.08435213791598054
3473,0.0085,9999999999,0.001,200,0.005714285714276457,4.857142857134989e-05,-4.941161947922677e-09,-0.00053125,0.0495173164874094
3474,0.0085,9999999999,0.001,200,-4.851428571428585,-0.04123714285714297,-4.941425865636989e-09,-0.0006450892857142863,0.008117762915716878
3475,0.0085,9999999999,0.001,200,3.1485714285714153,0.026762857142857033,-4.9412545833512575e-09,0.0010625,0.07782535220160246
3476,0.0085,9999999999,0.001,200,-0.5657142857142787,-0.0048085714285713696,-4.941285358208404e-09,-0.0004933035714285688,0.04469812005871471
3477,0.0085,9999999999,0.001,200,0.8628571428571377,0.007334285714285671,-4.941238418779828e-09,0.00018973214285714126,0.05752401291590439
3478,0.0085,9999999999,0.001,200,2.291428571428554,0.01947714285714271,-4.94111376506553e-09,0.00018973214285714126,0.06966687005888608
3479,0.0085,9999999999,0.001,200,-2.5657142857142787,-0.02180857142857137,-4.941253339922686e-09,-0.0006450892857142827,0.027546334344461007
3480,0.0085,9999999999,0.001,200,0.8628571428571377,0.007334285714285671,-4.9412064004941095e-09,0.00045535714285714136,0.057789637915936415
3481,0.0085,9999999999,0.001,200,-0.708571428571446,-0.006022857142857291,-4.941244946779828e-09,-0.00020870535714285877,0.043768432558754906
3482,0.0085,9999999999,0.001,200,-1.9942857142857235,-0.016951428571428652,-4.941353435922696e-09,-0.0001707589285714275,0.032877807558646485
3483,0.0085,9999999999,0.001,200,0.8628571428571377,0.007334285714285671,-4.941306496494119e-09,0.00037946428571428636,0.057713745058693464
3484,0.0085,9999999999,0.001,200,-0.5657142857142787,-0.0048085714285713696,-4.941337271351265e-09,-0.00018973214285714126,0.04500169148723422
3485,0.0085,9999999999,0.001,200,-5.708571428571446,-0.04852285714285729,-4.941647817637011e-09,-0.0006830357142857176,0.0007941022012091722
3486,0.0085,9999999999,0.001,200,-4.280000000000001,-0.03638000000000001,-4.941880649637034e-09,0.00018973214285714502,0.013809727200976493
3487,0.0085,9999999999,0.001,200,-1.42285714285714,-0.012094285714285691,-4.941958053065613e-09,0.00037946428571428636,0.038285173629470544
3488,0.0085,9999999999,0.001,200,-2.708571428571446,-0.023022857142857293,-4.942105399351342e-09,-0.00017075892857143127,0.02680637898646588
3489,0.0085,9999999999,0.001,200,-2.5657142857142787,-0.02180857142857137,-4.942244974208499e-09,1.8973214285717523e-05,0.028210396843469373
3490,0.0085,9999999999,0.001,200,0.005714285714276457,4.857142857134989e-05,-4.942244663351355e-09,0.000341517857142855,0.050390084343469546
3491,0.0085,9999999999,0.001,200,0.8628571428571377,0.007334285714285671,-4.942197723922779e-09,0.00011383928571428626,0.057448120057802234
3492,0.0085,9999999999,0.001,200,-4.137142857142862,-0.035165714285714335,-4.94242278449423e-09,-0.0006640625,0.014170218271862885
3493,0.0085,9999999999,0.001,200,-13.137142857142862,-0.11166571428571434,-4.94313744506573e-09,-0.0011953125000000002,-0.06286103172885178
3494,0.0085,9999999999,0.001,200,-5.708571428571446,-0.04852285714285729,-4.943447991351476e-09,0.0009866071428571413,0.0024637450565518637
3495,0.0085,9999999999,0.001,200,-6.565714285714279,-0.055808571428571374,-4.943805166208654e-09,-0.00011383928571428249,-0.005922415658090818
3496,0.0085,9999999999,0.001,200,-4.280000000000001,-0.03638000000000001,-4.9440379982086775e-09,0.0003035714285714275,0.013923566484533426
3497,0.0085,9999999999,0.001,200,-2.8514285714285847,-0.02423714285714297,-4.9441931159229785e-09,0.00018973214285714126,0.025952584341521055
3498,0.0085,9999999999,0.001,200,-2.8514285714285847,-0.02423714285714297,-4.944348233637279e-09,0.0,0.0257628521985088
3499,0.0085,9999999999,0.001,200,-6.280000000000001,-0.05338000000000001,-4.944689865637314e-09,-0.00045535714285714136,-0.003835362087547013
3500,0.0085,9999999999,0.001,200,-6.565714285714279,-0.055808571428571374,-4.945047040494493e-09,-3.79464285714275e-05,-0.005846522802189835
3501,0.0085,9999999999,0.001,200,-9.994285714285724,-0.08495142857142865,-4.945590729637404e-09,-0.00045535714285714504,-0.03540679065987652
3502,0.0085,9999999999,0.001,200,-6.565714285714279,-0.055808571428571374,-4.9459479044945835e-09,0.00045535714285714504,-0.005353219231662126
3503,0.0085,9999999999,0.001,200,-12.851428571428585,-0.10923714285714298,-4.946647022208939e-09,-0.0008348214285714313,-0.060071969232361425
3504,0.0085,9999999999,0.001,200,-8.851428571428585,-0.07523714285714297,-4.9471285399232726e-09,0.00053125,-0.024705897804271515
3505,0.0085,9999999999,0.001,200,-7.9942857142857235,-0.06795142857142865,-4.947563429066173e-09,0.00011383928571428626,-0.017837594233277784
3506,0.0085,9999999999,0.001,200,-9.708571428571446,-0.0825228571428573,-4.94809157535194e-09,-0.00022767857142857252,-0.03275054066237744
3507,0.0085,9999999999,0.001,200,-10.565714285714279,-0.08980857142857138,-4.9486663502091416e-09,-0.00011383928571428249,-0.039922415662952
3508,0.0085,9999999999,0.001,200,-14.280000000000001,-0.12138000000000002,-4.949443182209219e-09,-0.0004933035714285726,-0.07187330852087177
3509,0.0085,9999999999,0.001,200,-11.137142857142862,-0.09466571428571434,-4.950049042780708e-09,0.00041741071428571375,-0.04424830852147767
3510,0.0085,9999999999,0.001,200,-13.137142857142862,-0.11166571428571434,-4.950763703352208e-09,-0.000265625,-0.061931344236478045
3511,0.0085,9999999999,0.001,200,-10.137142857142862,-0.08616571428571433,-4.951315163923692e-09,0.00039843750000000003,-0.03576728173702949
3512,0.0085,9999999999,0.001,200,-16.42285714285714,-0.1395942857142857,-4.952208567352352e-09,-0.0008348214285714275,-0.09042911209506567
3513,0.0085,9999999999,0.001,200,-17.137142857142862,-0.14566571428571434,-4.953140827923874e-09,-9.486607142857251e-05,-0.09576058531028374
3514,0.0085,9999999999,0.001,200,-13.994285714285724,-0.11895142857142865,-4.9539021170668076e-09,0.00041741071428571375,-0.06853402281104506
3515,0.0085,9999999999,0.001,200,-13.137142857142862,-0.11166571428571434,-4.954616777638308e-09,0.00011383928571428626,-0.06155187995461682
3516,0.0085,9999999999,0.001,200,-14.851428571428585,-0.126237142857143,-4.955424695352674e-09,-0.00022767857142857252,-0.07646482638399625
3517,0.0085,9999999999,0.001,200,-14.280000000000001,-0.12138000000000002,-4.9562015273527514e-09,7.589285714285876e-05,-0.07130411209905868
3518,0.0085,9999999999,0.001,200,-13.708571428571446,-0.1165228571428573,-4.9569472736385404e-09,7.5892857142855e-05,-0.06644696924266172
3519,0.0085,9999999999,0.001,200,-7.137142857142862,-0.06066571428571434,-4.9573355342100084e-09,0.0008727678571428588,-0.009792951385907009
3520,0.0085,9999999999,0.001,200,-5.708571428571446,-0.04852285714285729,-4.957646080495754e-09,0.00018973214285714126,0.0016668700423537741
3521,0.0085,9999999999,0.001,200,-4.851428571428585,-0.04123714285714297,-4.9579099982100654e-09,0.00011383928571428626,0.008876691470661315
3522,0.0085,9999999999,0.001,200,-8.280000000000001,-0.07038000000000001,-4.95836043021011e-09,-0.00045535714285714136,-0.020835362101217586
3523,0.0085,9999999999,0.001,200,-17.42285714285714,-0.1480942857142857,-4.9593082336387775e-09,-0.0012142857142857138,-0.09930857638787967
3524,0.0085,9999999999,0.001,200,-4.851428571428585,-0.04123714285714297,-4.959572151353089e-09,0.001669642857142855,0.010432495040427738
3525,0.0085,9999999999,0.001,200,0.29142857142855405,0.0024771428571427096,-4.959556297638802e-09,0.0006830357142857138,0.05316017361187213
3526,0.0085,9999999999,0.001,200,-6.280000000000001,-0.05338000000000001,-4.959897929638837e-09,-0.000872767857142855,-0.004252772817040791
3527,0.0085,9999999999,0.001,200,-1.708571428571446,-0.014522857142857292,-4.959990875924559e-09,0.000607142857142855,0.03608428075429469
3528,0.0085,9999999999,0.001,200,-8.137142857142862,-0.06916571428571433,-4.960433536496032e-09,-0.0008537946428571413,-0.02001951388900501
3529,0.0085,9999999999,0.001,200,-1.1371428571428623,-0.009665714285714331,-4.960495397067466e-09,0.0009296875000000001,0.04126396825379028
3530,0.0085,9999999999,0.001,200,-7.137142857142862,-0.06066571428571434,-4.960883657638935e-09,-0.0007968750000000001,-0.011462594246597992
3531,0.0085,9999999999,0.001,200,-2.280000000000001,-0.019380000000000012,-4.961007689638946e-09,0.0006450892857142863,0.031265084324706593
3532,0.0085,9999999999,0.001,200,0.5771428571428601,0.004905714285714311,-4.9609762930675155e-09,0.00037946428571428636,0.05528517361045231
3533,0.0085,9999999999,0.001,200,2.0057142857142765,0.01704857142857135,-4.960867182210361e-09,0.00018973214285714126,0.06723829861056131
3534,0.0085,9999999999,0.001,200,-4.9942857142857235,-0.042451428571428654,-4.961138871353246e-09,-0.0009296875000000001,0.006618878967432476
3535,0.0085,9999999999,0.001,200,1.4342857142857213,0.012191428571428633,-4.961060846210381e-09,0.0008537946428571451,0.06304521825322493
3536,0.0085,9999999999,0.001,200,-0.5657142857142787,-0.0048085714285713696,-4.961091621067527e-09,-0.000265625,0.04492579861033701
3537,0.0085,9999999999,0.001,200,-0.8514285714285847,-0.0072371428571429705,-4.961137938781817e-09,-3.794642857143127e-05,0.04272490575314766
3538,0.0085,9999999999,0.001,200,0.005714285714276457,4.857142857134989e-05,-4.961137627924673e-09,0.00011383928571428626,0.05016240575314801
3539,0.0085,9999999999,0.001,200,-10.851428571428585,-0.09223714285714298,-4.961727945639019e-09,-0.0014419642857142864,-0.04367911210458521
3540,0.0085,9999999999,0.001,200,-0.8514285714285847,-0.0072371428571429705,-4.961774263353309e-09,0.001328125,0.04409097718108277
3541,0.0085,9999999999,0.001,200,-1.1371428571428623,-0.009665714285714331,-4.961836123924743e-09,-3.79464285714275e-05,0.04029633432387812
3542,0.0085,9999999999,0.001,200,0.5771428571428601,0.004905714285714311,-4.9618047273533125e-09,0.00022767857142857252,0.05513338789533816
3543,0.0085,9999999999,0.001,200,1.8628571428571377,0.015834285714285672,-4.96170338792473e-09,0.0001707589285714275,0.06600503968115372
3544,0.0085,9999999999,0.001,200,-5.137142857142862,-0.043665714285714335,-4.961982848496187e-09,-0.0009296875000000001,0.005404593252302824
3545,0.0085,9999999999,0.001,200,-13.994285714285724,-0.11895142857142865,-4.96274413763912e-09,-0.0011763392857142864,-0.07012777281988707
3546,0.0085,9999999999,0.001,200,-6.42285714285714,-0.05459428571428569,-4.963093541067727e-09,0.0010055803571428587,-0.003588710320236374
3547,0.0085,9999999999,0.001,200,-5.137142857142862,-0.043665714285714335,-4.9633730016391826e-09,0.0001707589285714275,0.006505039679484091
3548,0.0085,9999999999,0.001,200,-7.42285714285714,-0.0630942857142857,-4.963776805067795e-09,-0.0003035714285714275,-0.013397862106633934
3549,0.0085,9999999999,0.001,200,-10.565714285714279,-0.08980857142857138,-4.964351579924995e-09,-0.00041741071428571375,-0.04022598710720866
3550,0.0085,9999999999,0.001,200,-9.137142857142862,-0.07766571428571434,-4.964848640496473e-09,0.00018973214285714126,-0.027475987107705838
3551,0.0085,9999999999,0.001,200,-15.137142857142862,-0.12866571428571433,-4.965672101067985e-09,-0.0007968750000000001,-0.07946259425138642
3552,0.0085,9999999999,0.001,200,-13.137142857142862,-0.11166571428571434,-4.966386761639485e-09,0.000265625,-0.06140009425210109
3553,0.0085,9999999999,0.001,200,-9.708571428571446,-0.0825228571428573,-4.9669149079252514e-09,0.00045535714285714136,-0.03206750496691506
3554,0.0085,9999999999,0.001,200,-9.137142857142862,-0.07766571428571434,-4.96741196849673e-09,7.589285714285876e-05,-0.02758982639598344
3555,0.0085,9999999999,0.001,200,-11.42285714285714,-0.0970942857142857,-4.9680333719253636e-09,-0.0003035714285714275,-0.047397862110890504
3556,0.0085,9999999999,0.001,200,-10.280000000000001,-0.08738000000000001,-4.968592603925419e-09,0.00015178571428571376,-0.0372282192543069
3557,0.0085,9999999999,0.001,200,-11.851428571428585,-0.10073714285714298,-4.9692373216397695e-09,-0.00020870535714285877,-0.05094585318352317
3558,0.0085,9999999999,0.001,200,-11.994285714285724,-0.10195142857142865,-4.969889810782692e-09,-1.897321428571375e-05,-0.05197040675560417
3559,0.0085,9999999999,0.001,200,-15.708571428571446,-0.1335228571428573,-4.9707443570684915e-09,-0.0004933035714285726,-0.08401616568503022
3560,0.0085,9999999999,0.001,200,-16.56571428571428,-0.14080857142857137,-4.971645531925725e-09,-0.00011383928571428249,-0.0909224156859312
3561,0.0085,9999999999,0.001,200,-14.851428571428585,-0.126237142857143,-4.9724534496400925e-09,0.00022767857142856875,-0.07600946925816786
3562,0.0085,9999999999,0.001,200,-17.708571428571446,-0.1505228571428573,-4.973416795925902e-09,-0.00037946428571428636,-0.10090232640198836
3563,0.0085,9999999999,0.001,200,-17.42285714285714,-0.1480942857142857,-4.974364599354569e-09,3.794642857143127e-05,-0.09805634426007885
3564,0.0085,9999999999,0.001,200,-17.708571428571446,-0.1505228571428573,-4.9753279456403795e-09,-3.794642857143127e-05,-0.10056080854675668
3565,0.0085,9999999999,0.001,200,-16.28,-0.13838000000000003,-4.976213577640467e-09,0.00018973214285714502,-0.08819027283335647
3566,0.0085,9999999999,0.001,200,-17.994285714285724,-0.15295142857142865,-4.9771924667834225e-09,-0.00022767857142857252,-0.1031791121200497
3567,0.0085,9999999999,0.001,200,-24.851428571428585,-0.21123714285714298,-4.978544384497843e-09,-0.0009107142857142863,-0.16214786212140164
3568,0.0085,9999999999,0.001,200,-17.708571428571446,-0.1505228571428573,-4.979507730783654e-09,0.0009486607142857138,-0.09957420140807931
3569,0.0085,9999999999,0.001,200,-21.994285714285724,-0.18695142857142866,-4.9807042199266305e-09,-0.0005691964285714275,-0.1375206299807043
3570,0.0085,9999999999,0.001,200,-19.137142857142862,-0.16266571428571433,-4.981745280498163e-09,0.00037946428571428636,-0.11228625498174534
3571,0.0085,9999999999,0.001,200,-16.851428571428585,-0.14323714285714298,-4.982661998212541e-09,0.0003035714285714275,-0.09293357641123355
3572,0.0085,9999999999,0.001,200,-25.137142857142862,-0.21366571428571435,-4.984029458784106e-09,-0.0011004464285714276,-0.16476616569831526
3573,0.0085,9999999999,0.001,200,-23.994285714285724,-0.20395142857142867,-4.985334747927093e-09,0.00015178571428571376,-0.15379964784247774
3574,0.0085,9999999999,0.001,200,-25.994285714285724,-0.22095142857142866,-4.986748837070093e-09,-0.000265625,-0.17121705855817748
3575,0.0085,9999999999,0.001,200,-24.56571428571428,-0.20880857142857137,-4.988085211927369e-09,0.00018973214285714502,-0.15861884427379946
3576,0.0085,9999999999,0.001,200,-23.708571428571446,-0.2015228571428573,-4.9893749582132116e-09,0.00011383928571428249,-0.15140902284651797
3577,0.0085,9999999999,0.001,200,-23.708571428571446,-0.2015228571428573,-4.990664704499055e-09,0.0,-0.151522862133522
3578,0.0085,9999999999,0.001,200,-24.56571428571428,-0.20880857142857137,-4.992001079356332e-09,-0.00011383928571428249,-0.15892241570628673
3579,0.0085,9999999999,0.001,200,-21.994285714285724,-0.18695142857142866,-4.9931975684993085e-09,0.000341517857142855,-0.13660991570748338
3580,0.0085,9999999999,0.001,200,-20.851428571428585,-0.17723714285714298,-4.994331886213708e-09,0.00015178571428571376,-0.12708536213718918
3581,0.0085,9999999999,0.001,200,-23.137142857142862,-0.19666571428571433,-4.9955905467852625e-09,-0.0003035714285714275,-0.1469692907098763
3582,0.0085,9999999999,0.001,200,-24.28,-0.20638000000000004,-4.996911378785395e-09,-0.00015178571428571376,-0.1565317907111971
3583,0.0085,9999999999,0.001,200,-24.28,-0.20638000000000004,-4.998232210785527e-09,0.0,-0.15638000499823224
3584,0.0085,9999999999,0.001,200,-23.994285714285724,-0.20395142857142867,-4.999537499928514e-09,3.79464285714275e-05,-0.15391348714239472
3585,0.0085,9999999999,0.001,200,-19.42285714285714,-0.1650942857142857,-5.000594103357191e-09,0.0006071428571428588,-0.11448714785773693
3586,0.0085,9999999999,0.001,200,-18.851428571428585,-0.160237142857143,-5.001619621071579e-09,7.5892857142855e-05,-0.11016125500161976
3587,0.0085,9999999999,0.001,200,-19.994285714285724,-0.16995142857142867,-5.002707310214545e-09,-0.00015178571428571376,-0.12010321928842167
3588,0.0085,9999999999,0.001,200,-24.708571428571446,-0.21002285714285732,-5.004051456500395e-09,-0.0006261160714285727,-0.16064897821833735
3589,0.0085,9999999999,0.001,200,-24.851428571428585,-0.21123714285714298,-5.005403374214815e-09,-1.897321428571375e-05,-0.16125612107683207
3590,0.0085,9999999999,0.001,200,-15.137142857142862,-0.12866571428571433,-5.006226834786326e-09,0.0012901785714285725,-0.07737554072051257
3591,0.0085,9999999999,0.001,200,-24.28,-0.20638000000000004,-5.007547666786458e-09,-0.0012142857142857138,-0.1575942907218334
3592,0.0085,9999999999,0.001,200,-24.28,-0.20638000000000004,-5.008868498786591e-09,0.0,-0.1563800050088685
3593,0.0085,9999999999,0.001,200,-26.56571428571428,-0.2258085714285714,-5.010313673643877e-09,-0.0003035714285714275,-0.1761121478674565
3594,0.0085,9999999999,0.001,200,-21.708571428571446,-0.1845228571428573,-5.01149461992971e-09,0.0006450892857142827,-0.1338777728686376
3595,0.0085,9999999999,0.001,200,-28.137142857142862,-0.23916571428571434,-5.013025280501292e-09,-0.0008537946428571413,-0.19001951394159677
3596,0.0085,9999999999,0.001,200,-19.708571428571446,-0.1675228571428573,-5.014097426787114e-09,0.0011194196428571414,-0.11640344251409758
3597,0.0085,9999999999,0.001,200,-23.708571428571446,-0.2015228571428573,-5.0153871730729565e-09,-0.00053125,-0.1520541121582445
3598,0.0085,9999999999,0.001,200,-17.42285714285714,-0.1480942857142857,-5.016334976501623e-09,0.0008348214285714313,-0.09725946930204925
3599,0.0085,9999999999,0.001,200,-20.56571428571428,-0.17480857142857137,-5.017453751358878e-09,-0.00041741071428571375,-0.12522598716031086
3600,0.0085,9999999999,0.001,200,-19.708571428571446,-0.1675228571428573,-5.018525897644699e-09,0.00011383928571428249,-0.11740902287566891
3601,0.0085,9999999999,0.001,200,-16.56571428571428,-0.14080857142857137,-5.019427072501932e-09,0.00041741071428571755,-0.09039116573371271
3602,0.0085,9999999999,0.001,200,-16.28,-0.13838000000000003,-5.020312704502021e-09,3.79464285714275e-05,-0.08834205859174128
3603,0.0085,9999999999,0.001,200,-22.851428571428585,-0.194237142857143,-5.021555822216431e-09,-0.0008727678571428588,-0.14510991573584164
3604,0.0085,9999999999,0.001,200,-17.42285714285714,-0.1480942857142857,-5.0225036256450965e-09,0.0007209821428571451,-0.09737330859393219
3605,0.0085,9999999999,0.001,200,-20.28,-0.17238000000000003,-5.023606857645207e-09,-0.00037946428571428636,-0.12275946930932118
3606,0.0085,9999999999,0.001,200,-15.994285714285724,-0.13595142857142867,-5.024476946788151e-09,0.0005691964285714275,-0.08538223716733419
3607,0.0085,9999999999,0.001,200,-15.137142857142862,-0.12866571428571433,-5.025300407359662e-09,0.00011383928571428626,-0.07855188002530043
3608,0.0085,9999999999,0.001,200,-14.851428571428585,-0.126237142857143,-5.026108325074029e-09,3.79464285714275e-05,-0.07619920145467989
3609,0.0085,9999999999,0.001,200,-15.42285714285714,-0.1310942857142857,-5.026947328502684e-09,-7.5892857142855e-05,-0.08117018359837587
3610,0.0085,9999999999,0.001,200,-16.28,-0.13838000000000003,-5.027832960502772e-09,-0.00011383928571428626,-0.08849384431354727
3611,0.0085,9999999999,0.001,200,-16.28,-0.13838000000000003,-5.0287185925028605e-09,0.0,-0.08838000502871861
3612,0.0085,9999999999,0.001,200,-14.280000000000001,-0.12138000000000002,-5.029495424502938e-09,0.000265625,-0.07111438002949544
3613,0.0085,9999999999,0.001,200,-12.137142857142862,-0.10316571428571433,-5.030155685074433e-09,0.00028459821428571374,-0.0528811211015843
3614,0.0085,9999999999,0.001,200,-13.994285714285724,-0.11895142857142865,-5.0309169742173665e-09,-0.0002466517857142863,-0.06919808538805991
3615,0.0085,9999999999,0.001,200,-12.280000000000001,-0.10438000000000001,-5.031585006217434e-09,0.00022767857142857252,-0.054152326460156455
3616,0.0085,9999999999,0.001,200,-17.137142857142862,-0.14566571428571434,-5.032517266788954e-09,-0.0006450892857142863,-0.09631080860394588
3617,0.0085,9999999999,0.001,200,-11.42285714285714,-0.0970942857142857,-5.0331386702175885e-09,0.0007589285714285727,-0.04633536217599579
3618,0.0085,9999999999,0.001,200,-7.708571428571446,-0.0655228571428573,-5.033558016503344e-09,0.0004933035714285688,-0.01502955860498674
3619,0.0085,9999999999,0.001,200,-5.42285714285714,-0.04609428571428569,-5.033853019931945e-09,0.00030357142857143137,0.00420928068043272
3620,0.0085,9999999999,0.001,200,-9.708571428571446,-0.0825228571428573,-5.034381166217713e-09,-0.0005691964285714313,-0.033092058605809896
3621,0.0085,9999999999,0.001,200,-20.994285714285724,-0.17845142857142865,-5.035523255360684e-09,-0.0014988839285714275,-0.12995031753552333
3622,0.0085,9999999999,0.001,200,-9.42285714285714,-0.0800942857142857,-5.0360358587893054e-09,0.0015368303571428588,-0.02855746039317869
3623,0.0085,9999999999,0.001,200,-8.565714285714279,-0.07280857142857138,-5.036501833646495e-09,0.00011383928571428626,-0.022694737179358923
3624,0.0085,9999999999,0.001,200,-0.8514285714285847,-0.0072371428571429705,-5.0365481513607855e-09,0.0010245535714285688,0.04378740567773745
3625,0.0085,9999999999,0.001,200,-6.137142857142862,-0.052165714285714336,-5.036882011932248e-09,-0.0007020089285714275,-0.002867728251167767
3626,0.0085,9999999999,0.001,200,-7.708571428571446,-0.0655228571428573,-5.037301358218003e-09,-0.00020870535714285877,-0.01573156753730151
3627,0.0085,9999999999,0.001,200,-7.708571428571446,-0.0655228571428573,-5.037720704503759e-09,0.0,-0.015522862180577995
3628,0.0085,9999999999,0.001,200,-4.851428571428585,-0.04123714285714297,-5.0379846222180715e-09,0.00037946428571428636,0.0091423163905867
3629,0.0085,9999999999,0.001,200,-3.708571428571446,-0.03152285714285729,-5.038186368503806e-09,0.00015178571428571376,0.01862892353324206
3630,0.0085,9999999999,0.001,200,-2.8514285714285847,-0.02423714285714297,-5.038341486218108e-09,0.00011383928571428626,0.02587669139022983
3631,0.0085,9999999999,0.001,200,4.291428571428554,0.036477142857142715,-5.038108032503798e-09,0.0009486607142857138,0.08742579853332039
3632,0.0085,9999999999,0.001,200,-1.708571428571446,-0.014522857142857292,-5.0382009787895205e-09,-0.0007968750000000001,0.03468026281894173
3633,0.0085,9999999999,0.001,200,-1.42285714285714,-0.012094285714285691,-5.0382783822181004e-09,3.794642857143127e-05,0.03794365567600736
3634,0.0085,9999999999,0.001,200,-2.280000000000001,-0.019380000000000012,-5.0384024142181125e-09,-0.00011383928571428626,0.03050615567588329
3635,0.0085,9999999999,0.001,200,1.4342857142857213,0.012191428571428633,-5.038324389075248e-09,0.0004933035714285726,0.06268472710453282
3636,0.0085,9999999999,0.001,200,-2.280000000000001,-0.019380000000000012,-5.03844842107526e-09,-0.0004933035714285726,0.030126691390122997
3637,0.0085,9999999999,0.001,200,-1.1371428571428623,-0.009665714285714331,-5.038510281646696e-09,0.00015178571428571376,0.0404860663900611
3638,0.0085,9999999999,0.001,200,-0.5657142857142787,-0.0048085714285713696,-5.0385410565038405e-09,7.589285714285876e-05,0.04526731639003043
3639,0.0085,9999999999,0.001,200,-0.5657142857142787,-0.0048085714285713696,-5.0385718313609875e-09,0.0,0.0451914235328568
3640,0.0085,9999999999,0.001,200,4.57714285714286,0.038905714285714314,-5.038322834789534e-09,0.0006830357142857138,0.0895887449616772
3641,0.0085,9999999999,0.001,200,3.4342857142857213,0.029191428571428632,-5.038136009646657e-09,-0.00015178571428571376,0.07903963781900691
3642,0.0085,9999999999,0.001,200,1.4342857142857213,0.012191428571428633,-5.0380579845037924e-09,-0.000265625,0.06192579853337065
3643,0.0085,9999999999,0.001,200,-4.851428571428585,-0.04123714285714297,-5.038321902218104e-09,-0.0008348214285714313,0.00792803067596369
3644,0.0085,9999999999,0.001,200,1.1485714285714153,0.00976285714285703,-5.0382594199323844e-09,0.0007968750000000001,0.060559727104597616
3645,0.0085,9999999999,0.001,200,1.4342857142857213,0.012191428571428633,-5.038181394789519e-09,3.794642857143127e-05,0.06222936996181867
3646,0.0085,9999999999,0.001,200,2.291428571428554,0.01947714285714271,-5.038056741075221e-09,0.00011383928571428249,0.06959097710480025
3647,0.0085,9999999999,0.001,200,4.291428571428554,0.036477142857142715,-5.037823287360911e-09,0.000265625,0.08674276281931942
3648,0.0085,9999999999,0.001,200,5.719999999999999,0.04862,-5.03751211936088e-09,0.00018973214285714502,0.09880972710534502
3649,0.0085,9999999999,0.001,200,2.57714285714286,0.021905714285714313,-5.037371922789438e-09,-0.00041741071428571375,0.07148829853405668
3650,0.0085,9999999999,0.001,200,4.0057142857142765,0.03404857142857135,-5.037154011932274e-09,0.00018973214285714126,0.08423829853427448
3651,0.0085,9999999999,0.001,200,6.862857142857138,0.05833428571428567,-5.036780672503664e-09,0.00037946428571428636,0.10871374496321928
3652,0.0085,9999999999,0.001,200,10.57714285714286,0.08990571428571431,-5.036205275932178e-09,0.0004933035714285726,0.1403990128209376
3653,0.0085,9999999999,0.001,200,12.57714285714286,0.10690571428571431,-5.0355210793606815e-09,0.000265625,0.15717133425019325
3654,0.0085,9999999999,0.001,200,7.148571428571415,0.060762857142857035,-5.035132197074929e-09,-0.0007209821428571451,0.1100418699648677
3655,0.0085,9999999999,0.001,200,7.719999999999999,0.06562,-5.034712229074886e-09,7.589285714285876e-05,0.11569588782243063
3656,0.0085,9999999999,0.001,200,6.862857142857138,0.05833428571428567,-5.0343388896462765e-09,-0.00011383928571428626,0.10822044139423251
3657,0.0085,9999999999,0.001,200,16.291428571428554,0.13847714285714272,-5.033452635931902e-09,0.0012522321428571413,0.1897293699665472
3658,0.0085,9999999999,0.001,200,9.148571428571415,0.07776285714285704,-5.032954953646138e-09,-0.0009486607142857138,0.12681419139561637
3659,0.0085,9999999999,0.001,200,6.57714285714286,0.055905714285714316,-5.032597157074674e-09,-0.000341517857142855,0.10556419139597431
3660,0.0085,9999999999,0.001,200,8.148571428571415,0.06926285714285703,-5.032153874788915e-09,0.000208705357142855,0.11947155746784602
3661,0.0085,9999999999,0.001,200,3.1485714285714153,0.026762857142857033,-5.031982592503184e-09,-0.0006640625,0.07609878961087445
3662,0.0085,9999999999,0.001,200,9.719999999999999,0.08262,-5.031453824503131e-09,0.0008727678571428588,0.13349276282568903
3663,0.0085,9999999999,0.001,200,9.148571428571415,0.07776285714285704,-5.030956142217367e-09,-7.589285714285876e-05,0.12768695925475804
3664,0.0085,9999999999,0.001,200,7.148571428571415,0.060762857142857035,-5.030567259931614e-09,-0.000265625,0.11049722711228978
3665,0.0085,9999999999,0.001,200,9.148571428571415,0.07776285714285704,-5.03006957764585e-09,0.000265625,0.12802847711278748
3666,0.0085,9999999999,0.001,200,12.005714285714276,0.10204857142857136,-5.029416466788641e-09,0.00037946428571428636,0.15242803068486918
3667,0.0085,9999999999,0.001,200,8.57714285714286,0.07290571428571431,-5.028949870217166e-09,-0.00045535714285714136,0.1224503521139073
3668,0.0085,9999999999,0.001,200,13.434285714285721,0.11419142857142864,-5.028219045074236e-09,0.0006450892857142863,0.16483651282892386
3669,0.0085,9999999999,0.001,200,7.434285714285721,0.06319142857142863,-5.027814619931339e-09,-0.0007968750000000001,0.11239454854361401
3670,0.0085,9999999999,0.001,200,6.57714285714286,0.055905714285714316,-5.027456823359874e-09,-0.00011383928571428626,0.10579186997254321
3671,0.0085,9999999999,0.001,200,11.005714285714276,0.09354857142857136,-5.0268581125026716e-09,0.0005881696428571413,0.1441367360445704
3672,0.0085,9999999999,0.001,200,14.291428571428554,0.12147714285714271,-5.0260806587883075e-09,0.0004363839285714275,0.17191352175963348
3673,0.0085,9999999999,0.001,200,12.862857142857138,0.10933428571428568,-5.025380919359667e-09,-0.00018973214285714126,0.15914454854604762
3674,0.0085,9999999999,0.001,200,10.57714285714286,0.08990571428571431,-5.02480552278818e-09,-0.0003035714285714275,0.13960213783233738
3675,0.0085,9999999999,0.001,200,11.148571428571415,0.09476285714285704,-5.024199040502405e-09,7.5892857142855e-05,0.14483874497580085
3676,0.0085,9999999999,0.001,200,5.434285714285721,0.04619142857142863,-5.023903415359518e-09,-0.0007589285714285688,0.09543249497609665
3677,0.0085,9999999999,0.001,200,9.434285714285721,0.08019142857142864,-5.02339019021661e-09,0.00053125,0.13072267354803846
3678,0.0085,9999999999,0.001,200,10.57714285714286,0.08990571428571431,-5.022814793645123e-09,0.00015178571428571376,0.14005749497718523
3679,0.0085,9999999999,0.001,200,7.434285714285721,0.06319142857142863,-5.022410368502226e-09,-0.00041741071428571375,0.11277401283473257
3680,0.0085,9999999999,0.001,200,8.291428571428554,0.07047714285714271,-5.021959314787895e-09,0.00011383928571428249,0.12059097712089767
3681,0.0085,9999999999,0.001,200,12.005714285714276,0.10204857142857136,-5.021306203930687e-09,0.0004933035714285726,0.15254186997869373
3682,0.0085,9999999999,0.001,200,7.719999999999999,0.06562,-5.020886235930644e-09,-0.0005691964285714275,0.11505079855054234
3683,0.0085,9999999999,0.001,200,12.57714285714286,0.10690571428571431,-5.020202039359147e-09,0.0006450892857142863,0.15755079855122656
3684,0.0085,9999999999,0.001,200,9.719999999999999,0.08262,-5.019673271359094e-09,-0.00037946428571428636,0.13224053069461245
3685,0.0085,9999999999,0.001,200,8.291428571428554,0.07047714285714271,-5.019222217644763e-09,-0.00018973214285714502,0.12028740569506335
3686,0.0085,9999999999,0.001,200,6.57714285714286,0.055905714285714316,-5.0188644210732995e-09,-0.00022767857142856875,0.10567803069542134
3687,0.0085,9999999999,0.001,200,7.719999999999999,0.06562,-5.018444453073257e-09,0.00015178571428571376,0.11577178069584126
3688,0.0085,9999999999,0.001,200,4.862857142857138,0.04133428571428567,-5.0181799136446595e-09,-0.00037946428571428636,0.09095481641039146
3689,0.0085,9999999999,0.001,200,6.862857142857138,0.05833428571428567,-5.017806574216051e-09,0.000265625,0.1085999056964791
3690,0.0085,9999999999,0.001,200,7.291428571428554,0.06197714285714272,-5.017409920501725e-09,5.6919642857141247e-05,0.11203405748258993
3691,0.0085,9999999999,0.001,200,2.8628571428571377,0.024334285714285673,-5.0172541810731385e-09,-0.0005881696428571413,0.07374611105417435
3692,0.0085,9999999999,0.001,200,6.57714285714286,0.055905714285714316,-5.016896384501673e-09,0.0004933035714285726,0.1063990128402465
3693,0.0085,9999999999,0.001,200,4.862857142857138,0.04133428571428567,-5.016631845073075e-09,-0.00022767857142857252,0.09110660212622526
3694,0.0085,9999999999,0.001,200,8.862857142857138,0.07533428571428567,-5.016149705644456e-09,0.00053125,0.12586553069813597
3695,0.0085,9999999999,0.001,200,7.434285714285721,0.06319142857142863,-5.015745280501558e-09,-0.00018973214285714126,0.11300169141282622
3696,0.0085,9999999999,0.001,200,8.862857142857138,0.07533428571428567,-5.015263141072939e-09,0.00018973214285714126,0.1255240128418797
3697,0.0085,9999999999,0.001,200,5.434285714285721,0.04619142857142863,-5.014967515930052e-09,-0.00045535714285714136,0.09573606641360398
3698,0.0085,9999999999,0.001,200,8.57714285714286,0.07290571428571431,-5.014500919358576e-09,0.00041741071428571375,0.1233231199854991
3699,0.0085,9999999999,0.001,200,-0.5657142857142787,-0.0048085714285713696,-5.014531694215722e-09,-0.0012142857142857138,0.04397713784261122
3700,0.0085,9999999999,0.001,200,5.719999999999999,0.04862,-5.0142205262156915e-09,0.0008348214285714275,0.0994548164143509
3701,0.0085,9999999999,0.001,200,6.57714285714286,0.055905714285714316,-5.013862729644228e-09,0.00011383928571428626,0.10601954855756587
3702,0.0085,9999999999,0.001,200,6.719999999999999,0.05712,-5.0134971616441905e-09,1.897321428571375e-05,0.10713896820078855
3703,0.0085,9999999999,0.001,200,8.005714285714276,0.06804857142857136,-5.013061650787004e-09,0.0001707589285714275,0.11821932534408114
3704,0.0085,9999999999,0.001,200,10.291428571428554,0.08747714285714271,-5.012501797072662e-09,0.0003035714285714275,0.13778070927321234
3705,0.0085,9999999999,0.001,200,2.8628571428571377,0.024334285714285673,-5.012346057644075e-09,-0.0009866071428571413,0.07334767355908248
3706,0.0085,9999999999,0.001,200,14.005714285714276,0.11904857142857136,-5.011584146786856e-09,0.001479910714285714,0.17052847713127295
3707,0.0085,9999999999,0.001,200,10.57714285714286,0.08990571428571431,-5.011008750215369e-09,-0.00045535714285714136,0.13945035213184842
3708,0.0085,9999999999,0.001,200,9.719999999999999,0.08262,-5.010479982215316e-09,-0.00011383928571428626,0.13250615570380575
3709,0.0085,9999999999,0.001,200,8.862857142857138,0.07533428571428567,-5.009997842786697e-09,-0.00011383928571428626,0.12522044141857352
3710,0.0085,9999999999,0.001,200,7.434285714285721,0.06319142857142863,-5.0095934176438e-09,-0.00018973214285714126,0.11300169141897808
3711,0.0085,9999999999,0.001,200,11.719999999999999,0.09962,-5.008955849643736e-09,0.0005691964285714275,0.15018919141961556
3712,0.0085,9999999999,0.001,200,9.148571428571415,0.07776285714285704,-5.008458167357972e-09,-0.0003415178571428588,0.12742133427725602
3713,0.0085,9999999999,0.001,200,11.719999999999999,0.09962,-5.0078205993579085e-09,0.0003415178571428588,0.14996151284932224
3714,0.0085,9999999999,0.001,200,14.57714285714286,0.12390571428571431,-5.0070276027864e-09,0.00037946428571428636,0.17428517356440099
3715,0.0085,9999999999,0.001,200,12.005714285714276,0.10204857142857136,-5.006374491929192e-09,-0.0003415178571428588,0.15170704856505401
3716,0.0085,9999999999,0.001,200,12.862857142857138,0.10933428571428568,-5.0056747525005505e-09,0.00011383928571428626,0.15944811999432523
3717,0.0085,9999999999,0.001,200,10.57714285714286,0.08990571428571431,-5.005099355929064e-09,-0.0003035714285714275,0.1396021378520435
3718,0.0085,9999999999,0.001,200,8.57714285714286,0.07290571428571431,-5.004632759357589e-09,-0.000265625,0.12264008428108154
3719,0.0085,9999999999,0.001,200,7.148571428571415,0.060762857142857035,-5.004243877071835e-09,-0.00018973214285714502,0.110573119995756
3720,0.0085,9999999999,0.001,200,1.4342857142857213,0.012191428571428633,-5.004165851928971e-09,-0.0007589285714285688,0.06143249499583421
3721,0.0085,9999999999,0.001,200,5.434285714285721,0.04619142857142863,-5.003870226786084e-09,0.00053125,0.0967226735675584
3722,0.0085,9999999999,0.001,200,5.434285714285721,0.04619142857142863,-5.003574601643197e-09,0.0,0.09619142356785404
3723,0.0085,9999999999,0.001,200,10.005714285714276,0.08504857142857136,-5.0030302907859995e-09,0.000607142857142855,0.13565570928268395
3724,0.0085,9999999999,0.001,200,8.291428571428554,0.07047714285714271,-5.002579237071669e-09,-0.00022767857142857252,0.12024945928313491
3725,0.0085,9999999999,0.001,200,2.57714285714286,0.021905714285714313,-5.002439040500226e-09,-0.0007589285714285688,0.07114678071184671
3726,0.0085,9999999999,0.001,200,-1.708571428571446,-0.014522857142857292,-5.00253198678595e-09,-0.0005691964285714313,0.03490794142603929
3727,0.0085,9999999999,0.001,200,5.719999999999999,0.04862,-5.0022208187859185e-09,0.0009866071428571452,0.09960660214063632
3728,0.0085,9999999999,0.001,200,-5.137142857142862,-0.043665714285714335,-5.002500279357375e-09,-0.0014419642857142864,0.004892316426071096
3729,0.0085,9999999999,0.001,200,0.8628571428571377,0.007334285714285671,-5.002453339928798e-09,0.0007968750000000001,0.05813115571183233
3730,0.0085,9999999999,0.001,200,3.1485714285714153,0.026762857142857033,-5.002282057643067e-09,0.0003035714285714275,0.0770664235691464
3731,0.0085,9999999999,0.001,200,0.005714285714276457,4.857142857134989e-05,-5.002281746785924e-09,-0.00041741071428571375,0.04963115571200389
3732,0.0085,9999999999,0.001,200,-10.565714285714279,-0.08980857142857138,-5.0028565216431244e-09,-0.001404017857142855,-0.04121259428857074
3733,0.0085,9999999999,0.001,200,2.8628571428571377,0.024334285714285673,-5.002700782214537e-09,0.0017834821428571413,0.07611776285444204
3734,0.0085,9999999999,0.001,200,-2.8514285714285847,-0.02423714285714297,-5.002855899928839e-09,-0.0007589285714285727,0.025003923568572558
3735,0.0085,9999999999,0.001,200,-2.280000000000001,-0.019380000000000012,-5.002979931928851e-09,7.589285714285876e-05,0.030695887854162916
3736,0.0085,9999999999,0.001,200,-1.1371428571428623,-0.009665714285714331,-5.003041792500286e-09,0.00015178571428571376,0.04048606642552959
3737,0.0085,9999999999,0.001,200,-15.708571428571446,-0.1335228571428573,-5.003896338786086e-09,-0.001935267857142859,-0.08545813000389647
3738,0.0085,9999999999,0.001,200,-3.708571428571446,-0.03152285714285729,-5.0040980850718205e-09,0.0015937500000000001,0.020070887853044627
3739,0.0085,9999999999,0.001,200,-6.851428571428585,-0.05823714285714297,-5.004470802786143e-09,-0.00041741071428571375,-0.008654558575899488
3740,0.0085,9999999999,0.001,200,-2.5657142857142787,-0.02180857142857137,-5.0046103776433e-09,0.0005691964285714313,0.028760619995389685
3741,0.0085,9999999999,0.001,200,-8.994285714285724,-0.07645142857142866,-5.005099666786206e-09,-0.0008537946428571451,-0.02730522821938547
3742,0.0085,9999999999,0.001,200,-8.565714285714279,-0.07280857142857138,-5.005565641643395e-09,5.691964285714502e-05,-0.02275165679127987
3743,0.0085,9999999999,0.001,200,-12.468571428571437,-0.10598285714285723,-5.006243931929177e-09,-0.0005183482142857163,-0.05650121036338687
3744,0.0085,9999999999,0.001,200,-9.708571428571446,-0.0825228571428573,-5.0067720782149445e-09,0.00036656249999999883,-0.03215629964962938
3745,0.0085,9999999999,0.001,200,-11.42285714285714,-0.0970942857142857,-5.007393481643579e-09,-0.00022767857142856875,-0.04732196929310775
3746,0.0085,9999999999,0.001,200,-12.280000000000001,-0.10438000000000001,-5.008061513643645e-09,-0.00011383928571428626,-0.05449384429377581
3747,0.0085,9999999999,0.001,200,-7.280000000000001,-0.06188000000000001,-5.008457545643684e-09,0.0006640625,-0.011215942508457553
3748,0.0085,9999999999,0.001,200,-14.565714285714279,-0.12380857142857138,-5.009249920500906e-09,-0.0009676339285714275,-0.07477621036639272
3749,0.0085,9999999999,0.001,200,-16.851428571428585,-0.14323714285714298,-5.010166638215283e-09,-0.00030357142857143137,-0.09354071929588105
3750,0.0085,9999999999,0.001,200,-10.42285714285714,-0.0885942857142857,-5.010733641643911e-09,0.0008537946428571451,-0.03774049608216219
3751,0.0085,9999999999,0.001,200,-8.851428571428585,-0.07523714285714297,-5.011215159358246e-09,0.000208705357142855,-0.025028442511215276
3752,0.0085,9999999999,0.001,200,-18.28,-0.15538000000000002,-5.012209591358345e-09,-0.0012522321428571413,-0.10663223715506674
3753,0.0085,9999999999,0.001,200,-17.994285714285724,-0.15295142857142865,-5.0131884805013e-09,3.79464285714275e-05,-0.10291348715604569
3754,0.0085,9999999999,0.001,200,-21.18285714285713,-0.1800542857142856,-5.014340827929986e-09,-0.0004234821428571401,-0.1304777728714836
3755,0.0085,9999999999,0.001,200,-23.994285714285724,-0.20395142857142867,-5.0156461170729745e-09,-0.00037339285714286,-0.15432482644421763
3756,0.0085,9999999999,0.001,200,-23.42285714285714,-0.1990942857142857,-5.016920320501674e-09,7.589285714285876e-05,-0.14901839787406318
3757,0.0085,9999999999,0.001,200,-24.754285714285714,-0.21041142857142858,-5.018266953644665e-09,-0.00017683035714285758,-0.1605882639468384
3758,0.0085,9999999999,0.001,200,-22.611428571428576,-0.1921971428571429,-5.019497015359074e-09,0.00028459821428571374,-0.14191254966235417
3759,0.0085,9999999999,0.001,200,-23.994285714285724,-0.20395142857142867,-5.020802304502061e-09,-0.00018366071428571498,-0.15413509430651667
3760,0.0085,9999999999,0.001,200,-27.137142857142862,-0.23066571428571433,-5.0222785650736375e-09,-0.00041741071428571375,-0.1810831300222786
3761,0.0085,9999999999,0.001,200,-24.851428571428585,-0.21123714285714298,-5.023630482788058e-09,0.0003035714285714275,-0.16093357645220202
3762,0.0085,9999999999,0.001,200,-35.708571428571446,-0.3035228571428573,-5.025573029073967e-09,-0.0014419642857142864,-0.25496482645414464
3763,0.0085,9999999999,0.001,200,-21.28,-0.18088,-5.026730661074082e-09,0.0019162946428571454,-0.12896371038387355
3764,0.0085,9999999999,0.001,200,-24.56571428571428,-0.20880857142857137,-5.028067035931359e-09,-0.0004363839285714275,-0.15924496038520985
3765,0.0085,9999999999,0.001,200,-23.56571428571428,-0.2003085714285714,-5.029349010788629e-09,0.0001328125,-0.15017576395792043
3766,0.0085,9999999999,0.001,200,-26.039999999999992,-0.22133999999999995,-5.03076558678877e-09,-0.00032861607142857134,-0.1716686211021941
3767,0.0085,9999999999,0.001,200,-27.994285714285724,-0.23795142857142867,-5.032288475931781e-09,-0.0002595535714285737,-0.18821098717514573
3768,0.0085,9999999999,0.001,200,-27.18285714285713,-0.23105428571428563,-5.0337672233604995e-09,0.00010776785714285997,-0.18094652289091
3769,0.0085,9999999999,0.001,200,-28.18285714285713,-0.23955428571428564,-5.035300370789224e-09,-0.0001328125,-0.189687103249586
3770,0.0085,9999999999,0.001,200,-25.42285714285714,-0.2160942857142857,-5.036683374217934e-09,0.00036656249999999883,-0.1657277282509691
3771,0.0085,9999999999,0.001,200,-26.851428571428585,-0.228237142857143,-5.038144091932367e-09,-0.00018973214285714502,-0.17842688003814422
3772,0.0085,9999999999,0.001,200,-21.994285714285724,-0.18695142857142866,-5.039340581075343e-09,0.0006450892857142863,-0.13630634432505495
3773,0.0085,9999999999,0.001,200,-29.137142857142862,-0.24766571428571435,-5.040925641646929e-09,-0.0009486607142857138,-0.1986143800409257
3774,0.0085,9999999999,0.001,200,-24.56571428571428,-0.20880857142857137,-5.042262016504206e-09,0.0006071428571428588,-0.15820143361369055
3775,0.0085,9999999999,0.001,200,-28.32571428571427,-0.2407685714285713,-5.0438029353615026e-09,-0.0004993749999999988,-0.19126795147237424
3776,0.0085,9999999999,0.001,200,-26.611428571428576,-0.2261971428571429,-5.045250597075933e-09,0.00022767857142856875,-0.1759694693309649
3777,0.0085,9999999999,0.001,200,-28.611428571428576,-0.24319714285714292,-5.046807058790374e-09,-0.000265625,-0.19346277290394998
3778,0.0085,9999999999,0.001,200,-28.039999999999992,-0.23833999999999994,-5.0483324347905275e-09,7.589285714285876e-05,-0.18826411219118955
3779,0.0085,9999999999,0.001,200,-30.28,-0.25738000000000005,-5.049979666790693e-09,-0.0002975000000000012,-0.20767750504997973
3780,0.0085,9999999999,0.001,200,-28.851428571428585,-0.245237142857143,-5.051549184505134e-09,0.00018973214285714126,-0.195047415765835
3781,0.0085,9999999999,0.001,200,-28.897142857142853,-0.24562571428571428,-5.0531211890767214e-09,-6.071428571426286e-06,-0.1956317907674069
3782,0.0085,9999999999,0.001,200,-30.28,-0.25738000000000005,-5.0547684210768865e-09,-0.00018366071428571498,-0.20756366576905422
3783,0.0085,9999999999,0.001,200,-26.56571428571428,-0.2258085714285714,-5.0562135959341725e-09,0.0004933035714285726,-0.1753152729133564
3784,0.0085,9999999999,0.001,200,-22.28,-0.18938000000000002,-5.057425627934294e-09,0.0005691964285714275,-0.1388108086288542
3785,0.0085,9999999999,0.001,200,-28.611428571428576,-0.24319714285714292,-5.058982089648735e-09,-0.0008408928571428577,-0.19403804077326786
3786,0.0085,9999999999,0.001,200,-27.18285714285713,-0.23105428571428563,-5.060460837077454e-09,0.00018973214285714502,-0.18086455863188933
3787,0.0085,9999999999,0.001,200,-29.18285714285713,-0.24805428571428562,-5.062048384506185e-09,-0.000265625,-0.198319915776334
3788,0.0085,9999999999,0.001,200,-33.99428571428572,-0.2889514285714287,-5.063897673649226e-09,-0.00063901785714286,-0.23959045149246927
3789,0.0085,9999999999,0.001,200,-28.611428571428576,-0.24319714285714292,-5.065454135363668e-09,0.000714910714285715,-0.1924822372083113
3790,0.0085,9999999999,0.001,200,-28.28,-0.24038000000000004,-5.0669925673638215e-09,4.4017857142857555e-05,-0.19033598720984973
3791,0.0085,9999999999,0.001,200,-28.611428571428576,-0.24319714285714292,-5.068549029078262e-09,-4.4017857142857555e-05,-0.1932411657828348
3792,0.0085,9999999999,0.001,200,-28.611428571428576,-0.24319714285714292,-5.070105490792704e-09,0.0,-0.1931971479272484
3793,0.0085,9999999999,0.001,200,-24.32571428571427,-0.2067685714285713,-5.071428809649978e-09,0.0005691964285714313,-0.1561993800714287
3794,0.0085,9999999999,0.001,200,-28.32571428571427,-0.2407685714285713,-5.072969728507276e-09,-0.00053125,-0.19129982650154104
3795,0.0085,9999999999,0.001,200,-24.18285714285713,-0.20555428571428563,-5.074285275935979e-09,0.0005502232142857138,-0.1550040675742852
3796,0.0085,9999999999,0.001,200,-24.851428571428585,-0.21123714285714298,-5.075637193650399e-09,-8.879464285714622e-05,-0.16132594257563732
3797,0.0085,9999999999,0.001,200,-30.32571428571427,-0.2577685714285713,-5.077286912507707e-09,-0.0007270535714285676,-0.20849563007728678
3798,0.0085,9999999999,0.001,200,-28.611428571428576,-0.24319714285714292,-5.078843374222148e-09,0.00022767857142856875,-0.19296946936455772
3799,0.0085,9999999999,0.001,200,-22.039999999999992,-0.18733999999999995,-5.080042350222268e-09,0.0008727678571428588,-0.13646723722289944
3800,0.0085,9999999999,0.001,200,-35.18285714285713,-0.2990542857142856,-5.081956297651031e-09,-0.001745535714285714,-0.2507998265105276
3801,0.0085,9999999999,0.001,200,-26.897142857142853,-0.22862571428571427,-5.083419502222606e-09,0.0011004464285714276,-0.1775252729405623
3802,0.0085,9999999999,0.001,200,-34.03999999999999,-0.28933999999999993,-5.0852712782227905e-09,-0.0009486607142857138,-0.24028866579955693
3803,0.0085,9999999999,0.001,200,-23.18285714285713,-0.19705428571428563,-5.086532425651488e-09,0.0014419642857142864,-0.14561232651510375
3804,0.0085,9999999999,0.001,200,-29.32571428571427,-0.2492685714285713,-5.088127744508791e-09,-0.0008158482142857138,-0.2000844247309848
3805,0.0085,9999999999,0.001,200,-23.708571428571446,-0.2015228571428573,-5.0894174907946345e-09,0.0007460267857142814,-0.1507768354465605
3806,0.0085,9999999999,0.001,200,-29.18285714285713,-0.24805428571428562,-5.091005038223364e-09,-0.0007270535714285676,-0.19878134437671924
3807,0.0085,9999999999,0.001,200,-29.039999999999992,-0.24683999999999995,-5.092584814223522e-09,1.897321428571375e-05,-0.19682103187829908
3808,0.0085,9999999999,0.001,200,-29.897142857142853,-0.2541257142857143,-5.094211218795113e-09,-0.00011383928571428626,-0.2042395586656398
3809,0.0085,9999999999,0.001,200,-26.897142857142853,-0.22862571428571427,-5.095674423366687e-09,0.00039843750000000003,-0.1782272818813887
3810,0.0085,9999999999,0.001,200,-40.03999999999999,-0.34034,-5.0978525993669055e-09,-0.001745535714285714,-0.2920855408121383
3811,0.0085,9999999999,0.001,200,-30.039999999999992,-0.25533999999999996,-5.09948677536707e-09,0.001328125,-0.20401188009948673
3812,0.0085,9999999999,0.001,200,-31.754285714285714,-0.2699114285714286,-5.1012142085101e-09,-0.00022767857142857252,-0.2201391122440714
3813,0.0085,9999999999,0.001,200,-31.754285714285714,-0.2699114285714286,-5.102941641653129e-09,0.0,-0.21991143367437022
3814,0.0085,9999999999,0.001,200,-26.32571428571427,-0.22376857142857132,-5.1043737605104155e-09,0.0007209821428571451,-0.17304759439008793
3815,0.0085,9999999999,0.001,200,-31.18285714285713,-0.26505428571428563,-5.106070107939156e-09,-0.0006450892857142863,-0.21569938010607004
3816,0.0085,9999999999,0.001,200,-30.897142857142853,-0.2626257142857143,-5.107750912510753e-09,3.79464285714275e-05,-0.21258777296489378
3817,0.0085,9999999999,0.001,200,-30.28,-0.25738000000000005,-5.109398144510918e-09,8.196428571428505e-05,-0.20729804082368392
3818,0.0085,9999999999,0.001,200,-31.18285714285713,-0.26505428571428563,-5.111094491939658e-09,-0.00011991071428571255,-0.21517420153966582
3819,0.0085,9999999999,0.001,200,-32.32571428571427,-0.2747685714285713,-5.112853010796977e-09,-0.00015178571428571376,-0.22492036225571005
3820,0.0085,9999999999,0.001,200,-33.754285714285714,-0.2869114285714286,-5.114689243940018e-09,-0.00018973214285714502,-0.237101165828975
3821,0.0085,9999999999,0.001,200,-32.89714285714285,-0.27962571428571426,-5.1164788485116255e-09,0.00011383928571428626,-0.22951188011647883
3822,0.0085,9999999999,0.001,200,-36.32571428571427,-0.30876857142857134,-5.118454967368965e-09,-0.00045535714285714136,-0.2592239336898835
3823,0.0085,9999999999,0.001,200,-38.611428571428576,-0.3281971428571429,-5.120555429083461e-09,-0.00030357142857143137,-0.2785007194062698
3824,0.0085,9999999999,0.001,200,-36.32571428571427,-0.30876857142857134,-5.122531547940801e-09,0.00030357142857143137,-0.25846500512253145
3825,0.0085,9999999999,0.001,200,-36.611428571428576,-0.3111971428571429,-5.124523209655287e-09,-3.794642857143127e-05,-0.2612350944102375
3826,0.0085,9999999999,0.001,200,-34.611428571428576,-0.29419714285714293,-5.12640607136976e-09,0.000265625,-0.24393152298354903
3827,0.0085,9999999999,0.001,200,-35.754285714285714,-0.3039114285714286,-5.128351104512812e-09,-0.00015178571428571376,-0.2540632194140654
3828,0.0085,9999999999,0.001,200,-37.89714285714285,-0.3221257142857143,-5.130412709084447e-09,-0.00028459821428571374,-0.27241031763041273
3829,0.0085,9999999999,0.001,200,-48.03999999999999,-0.40834,-5.133026085084709e-09,-0.001347098214285714,-0.35968710334731174
3830,0.0085,9999999999,0.001,200,-39.18285714285713,-0.33305428571428564,-5.135157632513493e-09,0.0011763392857142864,-0.28187795156372897
3831,0.0085,9999999999,0.001,200,-40.611428571428576,-0.3451971428571429,-5.137366894227999e-09,-0.00018973214285714502,-0.295386880137367
3832,0.0085,9999999999,0.001,200,-40.89714285714285,-0.34762571428571426,-5.139591698799651e-09,-3.79464285714275e-05,-0.2976636658538774
3833,0.0085,9999999999,0.001,200,-52.28,-0.44438000000000005,-5.142435730799935e-09,-0.0015117857142857153,-0.39589179085672155
3834,0.0085,9999999999,0.001,200,-37.13714285714286,-0.3156657142857143,-5.144455991371566e-09,0.002011160714285714,-0.2636545587158846
3835,0.0085,9999999999,0.001,200,-42.89714285714285,-0.3646257142857143,-5.146789595943227e-09,-0.0007649999999999989,-0.3153907194325039
3836,0.0085,9999999999,0.001,200,-42.32571428571427,-0.3597685714285713,-5.149092114800601e-09,7.589285714285876e-05,-0.30969268372052056
3837,0.0085,9999999999,0.001,200,-41.611428571428576,-0.35369714285714293,-5.1513557765151134e-09,9.486607142856874e-05,-0.3036022819370702
3838,0.0085,9999999999,0.001,200,-43.46857142857144,-0.3694828571428572,-5.153720466801064e-09,-0.0002466517857142863,-0.319729514082292
3839,0.0085,9999999999,0.001,200,-45.32571428571427,-0.3852685714285713,-5.156186185658453e-09,-0.0002466517857142825,-0.33551522837047176
3840,0.0085,9999999999,0.001,200,-46.03999999999999,-0.39133999999999997,-5.158690761658704e-09,-9.486607142857251e-05,-0.3414348712301193
3841,0.0085,9999999999,0.001,200,-45.18285714285713,-0.3840542857142856,-5.161148709087521e-09,0.00011383928571428626,-0.3339404515897201
3842,0.0085,9999999999,0.001,200,-45.18285714285713,-0.3840542857142856,-5.163606656516339e-09,0.0,-0.3340542908778923
3843,0.0085,9999999999,0.001,200,-46.03999999999999,-0.39133999999999997,-5.1661112325165894e-09,-0.00011383928571428626,-0.3414538444518255
3844,0.0085,9999999999,0.001,200,-34.32571428571427,-0.2917685714285713,-5.167978551373919e-09,0.0015558035714285726,-0.24021277302512128
3845,0.0085,9999999999,0.001,200,-44.89714285714285,-0.3816257142857143,-5.170420955945592e-09,-0.0014040178571428589,-0.3330297373132781
3846,0.0085,9999999999,0.001,200,-42.56571428571428,-0.36180857142857137,-5.172736530802966e-09,0.00030964285714285756,-0.31149893374416504
3847,0.0085,9999999999,0.001,200,-44.03999999999999,-0.37433999999999995,-5.175132306803205e-09,-0.00019580357142857133,-0.32453580874656085
3848,0.0085,9999999999,0.001,200,-43.13714285714286,-0.3666657142857144,-5.1774789673748695e-09,0.00011991071428571255,-0.31654580874890764
3849,0.0085,9999999999,0.001,200,-43.46857142857144,-0.3694828571428572,-5.1798436576608204e-09,-4.4017857142857555e-05,-0.31952688017984376
3850,0.0085,9999999999,0.001,200,-42.03999999999999,-0.35733999999999994,-5.182130633661049e-09,0.00018973214285714502,-0.3071502730392734
3851,0.0085,9999999999,0.001,200,-44.03999999999999,-0.37433999999999995,-5.184526409661288e-09,-0.000265625,-0.3246056301845264
3852,0.0085,9999999999,0.001,200,-43.46857142857144,-0.3694828571428572,-5.186891099947239e-09,7.5892857142855e-05,-0.31940696947260544
3853,0.0085,9999999999,0.001,200,-41.46857142857144,-0.35248285714285726,-5.189146990233178e-09,0.000265625,-0.3022172373320043
3854,0.0085,9999999999,0.001,200,-42.754285714285714,-0.3634114285714286,-5.191472823376268e-09,-0.0001707589285714275,-0.31358219269147286
3855,0.0085,9999999999,0.001,200,-34.28,-0.29138000000000003,-5.193337655376455e-09,0.0011254910714285713,-0.24025451412190912
3856,0.0085,9999999999,0.001,200,-38.89714285714285,-0.3306257142857143,-5.1954536599480945e-09,-0.0006132142857142851,-0.28123893376688225
3857,0.0085,9999999999,0.001,200,-37.754285714285714,-0.32091142857142857,-5.1975074930911565e-09,0.00015178571428571376,-0.27075964805465036
3858,0.0085,9999999999,0.001,200,-38.18285714285713,-0.32455428571428563,-5.1995846405199355e-09,-5.6919642857141247e-05,-0.27461121055672744
3859,0.0085,9999999999,0.001,200,-41.18285714285713,-0.35005428571428565,-5.201824987948732e-09,-0.00039843750000000003,-0.30045272841611065
3860,0.0085,9999999999,0.001,200,-35.18285714285713,-0.2990542857142856,-5.203738935377494e-09,0.0007968750000000001,-0.24825741591802458
3861,0.0085,9999999999,0.001,200,-36.03999999999999,-0.30633999999999995,-5.2056995113776904e-09,-0.00011383928571428626,-0.2564538444914138
3862,0.0085,9999999999,0.001,200,-35.754285714285714,-0.3039114285714286,-5.207644544520742e-09,3.79464285714275e-05,-0.25387348735050175
3863,0.0085,9999999999,0.001,200,-29.994285714285724,-0.25495142857142866,-5.209276233663762e-09,0.0007649999999999989,-0.2041864337807049
3864,0.0085,9999999999,0.001,200,-32.03999999999999,-0.27233999999999997,-5.211019209663936e-09,-0.0002716964285714263,-0.22261170163959065
3865,0.0085,9999999999,0.001,200,-31.18285714285713,-0.26505428571428563,-5.212715557092677e-09,0.00011383928571428626,-0.2149404516412869
3866,0.0085,9999999999,0.001,200,-29.708571428571446,-0.2525228571428573,-5.214331703378553e-09,0.00019580357142856753,-0.20232705878576046
3867,0.0085,9999999999,0.001,200,-34.42285714285714,-0.2925942857142857,-5.216204306807312e-09,-0.0006261160714285688,-0.2432204070019186
3868,0.0085,9999999999,0.001,200,-31.18285714285713,-0.26505428571428563,-5.217900654236052e-09,0.0004303125000000012,-0.21462397843218634
3869,0.0085,9999999999,0.001,200,-30.039999999999992,-0.25533999999999996,-5.219534830236216e-09,0.00015178571428571376,-0.20518821950524907
3870,0.0085,9999999999,0.001,200,-33.18285714285713,-0.28205428571428565,-5.221339977664968e-09,-0.00041741071428571375,-0.23247170164991132
3871,0.0085,9999999999,0.001,200,-28.32571428571427,-0.2407685714285713,-5.222880896522265e-09,0.0006450892857142863,-0.19012348736573792
3872,0.0085,9999999999,0.001,200,-29.137142857142862,-0.24766571428571435,-5.224465957093852e-09,-0.00010776785714285997,-0.1977734873673232
3873,0.0085,9999999999,0.001,200,-32.10285714285715,-0.2728742857142858,-5.226212352522598e-09,-0.00039388392857142844,-0.22326817486906958
3874,0.0085,9999999999,0.001,200,-30.32571428571427,-0.2577685714285713,-5.227862071379905e-09,0.00023602678571428838,-0.20753254987071912
3875,0.0085,9999999999,0.001,200,-34.32571428571427,-0.2917685714285713,-5.229729390237235e-09,-0.00053125,-0.2422998266583007
3876,0.0085,9999999999,0.001,200,-32.708571428571446,-0.2780228571428573,-5.2315087365231275e-09,0.00021477678571428128,-0.22780808558865173
3877,0.0085,9999999999,0.001,200,-36.89714285714285,-0.3136257142857143,-5.233515941094757e-09,-0.0005562946428571401,-0.26418201416208736
3878,0.0085,9999999999,0.001,200,-35.754285714285714,-0.3039114285714286,-5.235460974237808e-09,0.00015178571428571376,-0.2537596480926039
3879,0.0085,9999999999,0.001,200,-41.81714285714287,-0.3554457142857144,-5.237735826809464e-09,-0.0008052232142857159,-0.30625094273773595
3880,0.0085,9999999999,0.001,200,-46.03999999999999,-0.39133999999999997,-5.240240402809715e-09,-0.0005608482142857116,-0.3419008534545261
3881,0.0085,9999999999,0.001,200,-50.96000000000001,-0.4331600000000001,-5.2430126268099924e-09,-0.0006534375000000023,-0.38381344274301277
3882,0.0085,9999999999,0.001,200,-62.32571428571427,-0.5297685714285714,-5.246403145667475e-09,-0.0015095089285714254,-0.48127808560354596
3883,0.0085,9999999999,0.001,200,-63.754285714285714,-0.5419114285714286,-5.249871378810679e-09,-0.00018973214285714502,-0.49210116596415715
3884,0.0085,9999999999,0.001,200,-66.46857142857144,-0.5649828571428572,-5.253487269096755e-09,-0.00036049107142857253,-0.515343353467773
3885,0.0085,9999999999,0.001,200,-78.10285714285715,-0.6638742857142858,-5.257736064525751e-09,-0.001545178571428571,-0.6154194695434503
3886,0.0085,9999999999,0.001,200,-76.89714285714285,-0.6536257142857143,-5.261919269097597e-09,0.00016013392857142962,-0.603465585619062
3887,0.0085,9999999999,0.001,200,-83.18285714285715,-0.7070542857142857,-5.266444416526622e-09,-0.0008348214285714295,-0.6578891124093015
3888,0.0085,9999999999,0.001,200,-81.99428571428572,-0.6969514285714287,-5.270904905669925e-09,0.00015785714285714196,-0.6467935766994765
3889,0.0085,9999999999,0.001,200,-95.18285714285715,-0.8090542857142858,-5.276082853099014e-09,-0.001751607142857142,-0.7608058981332259
3890,0.0085,9999999999,0.001,200,-95.18285714285715,-0.8090542857142858,-5.281260800528104e-09,0.0,-0.7590542909955466
3891,0.0085,9999999999,0.001,200,-97.46857142857142,-0.8284828571428572,-5.286563090814349e-09,-0.0003035714285714275,-0.7787864338579916
3892,0.0085,9999999999,0.001,200,-102.32571428571428,-0.8697685714285714,-5.292129609672048e-09,-0.0006450892857142863,-0.8204136660064153
3893,0.0085,9999999999,0.001,200,-109.46857142857142,-0.9304828571428572,-5.2980846999583575e-09,-0.0009486607142857138,-0.8814315231552275
3894,0.0085,9999999999,0.001,200,-114.24571428571429,-0.9710885714285715,-5.304299666816121e-09,-0.0006344642857142865,-0.9217230410185854
3895,0.0085,9999999999,0.001,200,-118.32571428571428,-1.0057685714285716,-5.310736585673909e-09,-0.0005418749999999998,-0.956310451739308
3896,0.0085,9999999999,0.001,200,-119.77142857142857,-1.018057142857143,-5.317252151388846e-09,-0.00019200892857142897,-0.9682491571029666
3897,0.0085,9999999999,0.001,200,-120.89714285714285,-1.0276257142857144,-5.323828955960933e-09,-0.00014950892857142797,-0.9777752285381147
3898,0.0085,9999999999,0.001,200,-116.28,-0.98838,-5.330154587961564e-09,0.0006132142857142851,-0.9377667910444403
3899,0.0085,9999999999,0.001,200,-125.46857142857142,-1.066482857142857,-5.336980078247962e-09,-0.001220357142857142,-1.017703219622694
3900,0.0085,9999999999,0.001,200,-129.18285714285713,-1.0980542857142856,-5.344007625677236e-09,-0.0004933035714285706,-1.0485475946297218
3901,0.0085,9999999999,0.001,200,-132.3257142857143,-1.1247685714285716,-5.351206144535098e-09,-0.00041741071428571755,-1.0751859874940635
3902,0.0085,9999999999,0.001,200,-132.81714285714287,-1.1289457142857144,-5.3584313971072494e-09,-6.526785714285711e-05,-1.0790109875012888
3903,0.0085,9999999999,0.001,200,-134.04000000000002,-1.1393400000000002,-5.365723173107979e-09,-0.0001624107142857154,-1.089502416080009
3904,0.0085,9999999999,0.001,200,-133.5314285714286,-1.1350171428571432,-5.37298728282299e-09,6.75446428571429e-05,-1.0849496035872734
3905,0.0085,9999999999,0.001,200,-128.34285714285716,-1.090914285714286,-5.3799691342522605e-09,0.0006891071428571439,-1.0402251839513978
3906,0.0085,9999999999,0.001,200,-136.38857142857142,-1.1593028571428572,-5.387388672538716e-09,-0.0010685714285714263,-1.1103714339588173
3907,0.0085,9999999999,0.001,200,-138.38857142857142,-1.176302857142857,-5.394917010825184e-09,-0.000265625,-1.126568487537774
3908,0.0085,9999999999,0.001,200,-139.81714285714287,-1.1884457142857145,-5.402523063397373e-09,-0.00018973214285714502,-1.1386354518310948
3909,0.0085,9999999999,0.001,200,-138.46857142857144,-1.1769828571428573,-5.410055753683841e-09,0.00017910714285714337,-1.1268037554100558
3910,0.0085,9999999999,0.001,200,-140.38857142857142,-1.1933028571428572,-5.4176928919703186e-09,-0.00025499999999999834,-1.14355786256055
3911,0.0085,9999999999,0.001,200,-135.18285714285713,-1.1490542857142856,-5.425046839399626e-09,0.0006913839285714297,-1.098362907210761
3912,0.0085,9999999999,0.001,200,-140.96,-1.1981600000000001,-5.432715063400393e-09,-0.0007672767857142884,-1.1489272822184295
3913,0.0085,9999999999,0.001,200,-140.9142857142857,-1.1977714285714287,-5.440380800544017e-09,6.07142857143006e-06,-1.147765362583238
3914,0.0085,9999999999,0.001,200,-142.38857142857142,-1.2103028571428571,-5.448126738830505e-09,-0.00019580357142857133,-1.1604986661624126
3915,0.0085,9999999999,0.001,200,-142.38857142857142,-1.2103028571428571,-5.455872677116994e-09,0.0,-1.1603028625987297
3916,0.0085,9999999999,0.001,200,-144.10285714285715,-1.2248742857142858,-5.4637118725463496e-09,-0.00022767857142857252,-1.1751019697494263
3917,0.0085,9999999999,0.001,200,-144.96,-1.2321600000000001,-5.471597696547138e-09,-0.00011383928571428626,-1.182273844757312
3918,0.0085,9999999999,0.001,200,-144.34285714285716,-1.2269142857142858,-5.479449947976495e-09,8.196428571428505e-05,-1.1768323269080214
3919,0.0085,9999999999,0.001,200,-143.75428571428571,-1.2219114285714288,-5.4872701811201334e-09,7.816964285714457e-05,-1.1718332644158418
3920,0.0085,9999999999,0.001,200,-143.75428571428571,-1.2219114285714288,-5.495090414263772e-09,0.0,-1.171911434066519
3921,0.0085,9999999999,0.001,200,-143.96,-1.2236600000000002,-5.502921838264555e-09,-2.7321428571429608e-05,-1.1736873269314936
3922,0.0085,9999999999,0.001,200,-144.38857142857142,-1.2273028571428573,-5.5107765765510555e-09,-5.6919642857141247e-05,-1.1773597822964907
3923,0.0085,9999999999,0.001,200,-145.75428571428571,-1.2389114285714287,-5.518705609694706e-09,-0.00018138392857142916,-1.1890928180187057
3924,0.0085,9999999999,0.001,200,-144.96,-1.2321600000000001,-5.526591433695494e-09,0.0001054910714285704,-1.1820545144551629
3925,0.0085,9999999999,0.001,200,-145.18285714285713,-1.2340542857142858,-5.534489381124855e-09,-2.9598214285711635e-05,-1.1840838894630608
3926,0.0085,9999999999,0.001,200,-141.9142857142857,-1.2062714285714287,-5.542209518268484e-09,0.00043410714285714173,-1.1558373269707811
3927,0.0085,9999999999,0.001,200,-148.38857142857142,-1.2613028571428573,-5.550281856555006e-09,-0.0008598660714285714,-1.2121627287645675
3928,0.0085,9999999999,0.001,200,-144.6742857142857,-1.2297314285714285,-5.55815213769865e-09,0.0004933035714285726,-1.179238130558152
3929,0.0085,9999999999,0.001,200,-144.6742857142857,-1.2297314285714285,-5.566022418842294e-09,0.0,-1.1797314341374507
3930,0.0085,9999999999,0.001,200,-144.38857142857142,-1.2273028571428573,-5.5738771571287944e-09,3.79464285714275e-05,-1.177264916288163
3931,0.0085,9999999999,0.001,200,-148.05714285714288,-1.2584857142857147,-5.581931465701028e-09,-0.00048723214285714624,-1.208972952010503
3932,0.0085,9999999999,0.001,200,-145.24571428571429,-1.2345885714285716,-5.589832832558962e-09,0.00037339285714286,-1.1842151841612616
3933,0.0085,9999999999,0.001,200,-144.96,-1.2321600000000001,-5.59771865655975e-09,3.79464285714275e-05,-1.1821220591691475
3934,0.0085,9999999999,0.001,200,-145.5314285714286,-1.237017142857143,-5.605635566274828e-09,-7.589285714285876e-05,-1.1870930413199214
3935,0.0085,9999999999,0.001,200,-144.81714285714287,-1.2309457142857145,-5.613513618847045e-09,9.486607142857251e-05,-1.1808508538277995
3936,0.0085,9999999999,0.001,200,-144.96,-1.2321600000000001,-5.6213994428478336e-09,-1.897321428571375e-05,-1.1821789788356851
3937,0.0085,9999999999,0.001,200,-144.6742857142857,-1.2297314285714285,-5.6292697239914764e-09,3.794642857143127e-05,-1.1796934877721268
3938,0.0085,9999999999,0.001,200,-145.24571428571429,-1.2345885714285716,-5.637171090849411e-09,-7.589285714285876e-05,-1.1846644699228857
3939,0.0085,9999999999,0.001,200,-143.5314285714286,-1.2200171428571431,-5.644979200564477e-09,0.00022767857142856875,-1.1697894699306937
3940,0.0085,9999999999,0.001,200,-144.6742857142857,-1.2297314285714285,-5.652849481708122e-09,-0.00015178571428571,-1.1798832199385636
3941,0.0085,9999999999,0.001,200,-144.3257142857143,-1.2267685714285717,-5.6607008005660496e-09,4.629464285713958e-05,-1.1767222824464152
3942,0.0085,9999999999,0.001,200,-144.6742857142857,-1.2297314285714285,-5.668571081709694e-09,-4.629464285713958e-05,-1.1797777288828568
3943,0.0085,9999999999,0.001,200,-144.6742857142857,-1.2297314285714285,-5.676441362853339e-09,0.0,-1.1797314342478697
3944,0.0085,9999999999,0.001,200,-144.6742857142857,-1.2297314285714285,-5.684311643996983e-09,0.0,-1.1797314342557401
3945,0.0085,9999999999,0.001,200,-148.96,-1.2661600000000002,-5.692415067997793e-09,-0.0005691964285714313,-1.2167292021209866
3946,0.0085,9999999999,0.001,200,-146.38857142857142,-1.2443028571428572,-5.700378606284303e-09,0.0003415178571428588,-1.1939613449860929
3947,0.0085,9999999999,0.001,200,-143.5314285714286,-1.2200171428571431,-5.708186715999371e-09,0.0003794642857142825,-1.1696376842796157
3948,0.0085,9999999999,0.001,200,-143.5314285714286,-1.2200171428571431,-5.715994825714437e-09,0.0,-1.1700171485731379
3949,0.0085,9999999999,0.001,200,-142.96,-1.2151600000000002,-5.7237718497152155e-09,7.589285714285876e-05,-1.1650841128666292
3950,0.0085,9999999999,0.001,200,-142.96,-1.2151600000000002,-5.731548873715993e-09,0.0,-1.165160005731549
3951,0.0085,9999999999,0.001,200,-142.04000000000002,-1.2073400000000003,-5.7392758497167655e-09,0.00012218749999999836,-1.1572178182392763
3952,0.0085,9999999999,0.001,200,-142.61142857142858,-1.212197142857143,-5.7470339114318265e-09,-7.5892857142855e-05,-1.1622730414613198
3953,0.0085,9999999999,0.001,200,-142.10285714285715,-1.207874285714286,-5.754764306861171e-09,6.75446428571429e-05,-1.157806746826193
3954,0.0085,9999999999,0.001,200,-143.24571428571429,-1.2175885714285715,-5.762556873719094e-09,-0.00015178571428571376,-1.167740362905414
3955,0.0085,9999999999,0.001,200,-143.81714285714287,-1.2224457142857146,-5.770380526291304e-09,-7.589285714285876e-05,-1.172521612913238
3956,0.0085,9999999999,0.001,200,-140.10285714285715,-1.1908742857142858,-5.778002121720639e-09,0.0004933035714285726,-1.1403809879208593
3957,0.0085,9999999999,0.001,200,-143.5314285714286,-1.2200171428571431,-5.785810231435705e-09,-0.00045535714285714504,-1.1704725057858105
3958,0.0085,9999999999,0.001,200,-143.81714285714287,-1.2224457142857146,-5.793633884007917e-09,-3.79464285714275e-05,-1.1724836665079197
3959,0.0085,9999999999,0.001,200,-144.38857142857142,-1.2273028571428573,-5.801488622294417e-09,-7.5892857142855e-05,-1.1773787558014888
3960,0.0085,9999999999,0.001,200,-141.81714285714287,-1.2054457142857145,-5.809203474866617e-09,0.000341517857142855,-1.155104202237775
3961,0.0085,9999999999,0.001,200,-143.18285714285713,-1.2170542857142856,-5.816992622295968e-09,-0.0001813839285714254,-1.1672356754598496
3962,0.0085,9999999999,0.001,200,-140.89714285714285,-1.1976257142857143,-5.824657426868163e-09,0.0003035714285714275,-1.1473221486818002
3963,0.0085,9999999999,0.001,200,-143.46857142857144,-1.2194828571428573,-5.832462117154657e-09,-0.0003415178571428588,-1.1698243808324622
3964,0.0085,9999999999,0.001,200,-140.89714285714285,-1.1976257142857143,-5.840126921726852e-09,0.0003415178571428588,-1.1472842022686982
3965,0.0085,9999999999,0.001,200,-140.04000000000002,-1.1903400000000002,-5.847745097727614e-09,0.00011383928571428249,-1.140226166562031
3966,0.0085,9999999999,0.001,200,-140.04000000000002,-1.1903400000000002,-5.855363273728377e-09,0.0,-1.1403400058553634
3967,0.0085,9999999999,0.001,200,-141.18285714285713,-1.2000542857142857,-5.863043621157715e-09,-0.00015178571428571,-1.150206077291615
3968,0.0085,9999999999,0.001,200,-140.3257142857143,-1.1927685714285716,-5.870677340015621e-09,0.00011383928571428249,-1.1426547380135346
3969,0.0085,9999999999,0.001,200,-138.61142857142858,-1.178197142857143,-5.878217801730661e-09,0.00022767857142857252,-1.1279694701639322
3970,0.0085,9999999999,0.001,200,-137.75428571428571,-1.1709114285714286,-5.885711634874267e-09,0.00011383928571428626,-1.120797595171426
3971,0.0085,9999999999,0.001,200,-140.3257142857143,-1.1927685714285716,-5.893345353732173e-09,-0.0003415178571428588,-1.1431100951790598
3972,0.0085,9999999999,0.001,200,-135.18285714285713,-1.1490542857142856,-5.900699301161479e-09,0.0006830357142857176,-1.098371255900699
3973,0.0085,9999999999,0.001,200,-135.3257142857143,-1.1502685714285716,-5.9080610200193585e-09,-1.8973214285717523e-05,-1.1002875505509182
3974,0.0085,9999999999,0.001,200,-133.75428571428571,-1.1369114285714286,-5.915337253162943e-09,0.00020870535714285877,-1.086702729129623
3975,0.0085,9999999999,0.001,200,-134.75428571428571,-1.1454114285714287,-5.922667886306533e-09,-0.0001328125,-1.0955442469940966
3976,0.0085,9999999999,0.001,200,-141.61142857142858,-1.203697142857143,-5.9303715480215884e-09,-0.0009107142857142863,-1.1546078630732288
3977,0.0085,9999999999,0.001,200,-133.75428571428571,-1.1369114285714286,-5.9376477811651746e-09,0.0010435267857142863,-1.085867907723362
3978,0.0085,9999999999,0.001,200,-130.89714285714285,-1.1126257142857143,-5.944768585737315e-09,0.00037946428571428636,-1.0622462559447687
3979,0.0085,9999999999,0.001,200,-131.18285714285713,-1.1150542857142858,-5.9519049331665995e-09,-3.79464285714275e-05,-1.065092238094762
3980,0.0085,9999999999,0.001,200,-128.61142857142858,-1.093197142857143,-5.958901394881585e-09,0.000341517857142855,-1.0428556309589014
3981,0.0085,9999999999,0.001,200,-129.61142857142858,-1.101697142857143,-5.965952256596575e-09,-0.0001328125,-1.051829961323095
3982,0.0085,9999999999,0.001,200,-130.3257142857143,-1.1077685714285717,-5.973041975454427e-09,-9.486607142857251e-05,-1.0578634434730423
3983,0.0085,9999999999,0.001,200,-129.61142857142858,-1.101697142857143,-5.980092837169417e-09,9.486607142857251e-05,-1.0516022827658071
3984,0.0085,9999999999,0.001,200,-129.18285714285713,-1.0980542857142856,-5.9871203845986915e-09,5.691964285714502e-05,-1.0479973720585487
3985,0.0085,9999999999,0.001,200,-128.89714285714285,-1.0956257142857144,-5.994132389170822e-09,3.79464285714275e-05,-1.0455877738512753
3986,0.0085,9999999999,0.001,200,-126.32571428571428,-1.0737685714285714,-6.001004508028651e-09,0.0003415178571428569,-1.023427059572433
3987,0.0085,9999999999,0.001,200,-127.18285714285715,-1.0810542857142857,-6.007923255457915e-09,-0.00011383928571428626,-1.0311681310079233
3988,0.0085,9999999999,0.001,200,-125.46857142857142,-1.066482857142857,-6.014748745744312e-09,0.00022767857142857252,-1.0162551845861771
3989,0.0085,9999999999,0.001,200,-124.89714285714285,-1.0616257142857144,-6.021543150316419e-09,7.589285714285688e-05,-1.0115498274501145
3990,0.0085,9999999999,0.001,200,-124.89714285714285,-1.0616257142857144,-6.028337554888526e-09,0.0,-1.011625720314052
3991,0.0085,9999999999,0.001,200,-122.61142857142856,-1.0421971428571428,-6.035007616603479e-09,0.0003035714285714294,-0.9918935774635789
3992,0.0085,9999999999,0.001,200,-121.61142857142856,-1.0336971428571429,-6.041623278318427e-09,0.0001328125,-0.9835643363987661
3993,0.0085,9999999999,0.001,200,-126.32571428571428,-1.0737685714285714,-6.0484953971762566e-09,-0.0006261160714285727,-1.0243946935484953
3994,0.0085,9999999999,0.001,200,-120.32571428571428,-1.0227685714285715,-6.055041116034054e-09,0.0007968750000000001,-0.9719717024836125
3995,0.0085,9999999999,0.001,200,-118.32571428571428,-1.0057685714285716,-6.0614780348918404e-09,0.000265625,-0.9555029524900496
3996,0.0085,9999999999,0.001,200,-117.18285714285715,-0.9960542857142858,-6.06785278232105e-09,0.00015178571428571376,-0.9459025060678528
3997,0.0085,9999999999,0.001,200,-115.46857142857142,-0.9814828571428572,-6.074134272607391e-09,0.00022767857142857252,-0.9312551846455629
3998,0.0085,9999999999,0.001,200,-113.18285714285715,-0.9620542857142858,-6.080291420036578e-09,0.0003035714285714275,-0.9117507203660057
3999,0.0085,9999999999,0.001,200,-116.32571428571428,-0.9887685714285714,-6.086619538894354e-09,-0.00041741071428571375,-0.9391859882294766
4000,0.0085,9999999999,0.001,200,-114.61142857142856,-0.9741971428571429,-6.092854400609263e-09,0.00022767857142857252,-0.9239694703785687
4001,0.0085,9999999999,0.001,200,-108.89714285714285,-0.9256257142857143,-6.098778405181284e-09,0.0007589285714285707,-0.874866791813064
4002,0.0085,9999999999,0.001,200,-109.32571428571428,-0.9292685714285714,-6.104725724039022e-09,-5.691964285714313e-05,-0.8793254971761543
4003,0.0085,9999999999,0.001,200,-112.32571428571428,-0.9547685714285715,-6.110836242896776e-09,-0.00039843750000000003,-0.9051670150394078
4004,0.0085,9999999999,0.001,200,-112.03999999999999,-0.95234,-6.116931218897385e-09,3.794642857142938e-05,-0.9023020596883596
4005,0.0085,9999999999,0.001,200,-106.03999999999999,-0.90134,-6.122699794897961e-09,0.0007968750000000001,-0.8505431311226997
4006,0.0085,9999999999,0.001,200,-105.75428571428571,-0.8989114285714286,-6.128452828041394e-09,3.79464285714275e-05,-0.8488734882713099
4007,0.0085,9999999999,0.001,200,-105.75428571428571,-0.8989114285714286,-6.134205861184826e-09,0.0,-0.8489114347056343
4008,0.0085,9999999999,0.001,200,-111.18285714285715,-0.9450542857142858,-6.140254208614002e-09,-0.0007209821428571432,-0.8957752739973971
4009,0.0085,9999999999,0.001,200,-104.61142857142856,-0.8891971428571428,-6.145945070328857e-09,0.0008727678571428588,-0.838324381145945
4010,0.0085,9999999999,0.001,200,-104.03999999999999,-0.88434,-6.1516048463294225e-09,7.589285714285688e-05,-0.834264113294462
4011,0.0085,9999999999,0.001,200,-102.32571428571428,-0.8697685714285714,-6.157171365187122e-09,0.00022767857142857068,-0.8195408990143142
4012,0.0085,9999999999,0.001,200,-95.75428571428571,-0.8139114285714286,-6.162380398330501e-09,0.000872767857142857,-0.7630386668766661
4013,0.0085,9999999999,0.001,200,-97.18285714285715,-0.8260542857142857,-6.167667145759601e-09,-0.00018973214285714318,-0.77624402402481
4014,0.0085,9999999999,0.001,200,-97.46857142857142,-0.8284828571428572,-6.1729694360458455e-09,-3.79464285714275e-05,-0.7785208097443981
4015,0.0085,9999999999,0.001,200,-94.61142857142856,-0.8041971428571428,-6.178116297760646e-09,0.00037946428571428636,-0.7538176847495448
4016,0.0085,9999999999,0.001,200,-92.03999999999999,-0.78234,-6.183123273761146e-09,0.0003415178571428569,-0.7319984883259804
4017,0.0085,9999999999,0.001,200,-95.18285714285715,-0.8090542857142858,-6.1883012211902354e-09,-0.00041741071428571565,-0.7594717026168727
4018,0.0085,9999999999,0.001,200,-94.03999999999999,-0.7993399999999999,-6.1934169971907476e-09,0.00015178571428571568,-0.7491882204791311
4019,0.0085,9999999999,0.001,200,-91.46857142857142,-0.7774828571428571,-6.198392887476959e-09,0.0003415178571428569,-0.7271413454841071
4020,0.0085,9999999999,0.001,200,-97.61142857142856,-0.8296971428571428,-6.203702949191777e-09,-0.0008158482142857138,-0.7805129972751315
4021,0.0085,9999999999,0.001,200,-89.46857142857142,-0.7604828571428571,-6.208570039477977e-09,0.0010814732142857139,-0.7094013901371413
4022,0.0085,9999999999,0.001,200,-86.61142857142856,-0.7361971428571428,-6.213281701192734e-09,0.00037946428571428636,-0.6858176847847101
4023,0.0085,9999999999,0.001,200,-86.32571428571428,-0.7337685714285714,-6.217977820050347e-09,3.79464285714275e-05,-0.6837306312179777
4024,0.0085,9999999999,0.001,200,-82.46857142857142,-0.7009828571428571,-6.22246411033651e-09,0.0005122767857142864,-0.6504705865796069
4025,0.0085,9999999999,0.001,200,-80.03999999999999,-0.68034,-6.226818286336945e-09,0.00032254464285714314,-0.630017461583961
4026,0.0085,9999999999,0.001,200,-82.32571428571428,-0.6997685714285715,-6.231296805194536e-09,-0.0003035714285714294,-0.6500721490884397
4027,0.0085,9999999999,0.001,200,-79.46857142857142,-0.6754828571428572,-6.235619895480683e-09,0.00037946428571428636,-0.6251033990927627
4028,0.0085,9999999999,0.001,200,-77.75428571428571,-0.6609114285714286,-6.239849728623964e-09,0.00022767857142857068,-0.6106837562398497
4029,0.0085,9999999999,0.001,200,-76.32571428571428,-0.6487685714285715,-6.244001847481522e-09,0.00018973214285714318,-0.5985788455297162
4030,0.0085,9999999999,0.001,200,-72.89714285714285,-0.6196257142857143,-6.247967452053347e-09,0.00045535714285714315,-0.5691703633908246
4031,0.0085,9999999999,0.001,200,-73.18285714285715,-0.6220542857142858,-6.251948599482316e-09,-3.794642857142938e-05,-0.5720922383948058
4032,0.0085,9999999999,0.001,200,-74.61142857142856,-0.6341971428571428,-6.2560074611970086e-09,-0.00018973214285714126,-0.5843868812560074
4033,0.0085,9999999999,0.001,200,-71.46857142857144,-0.6074828571428572,-6.259895351483111e-09,0.0004174107142857119,-0.5570654526884669
4034,0.0085,9999999999,0.001,200,-68.61142857142858,-0.583197142857143,-6.26362781319777e-09,0.00037946428571428636,-0.5328176848350564
4035,0.0085,9999999999,0.001,200,-67.75428571428571,-0.5759114285714286,-6.267313646340995e-09,0.00011383928571428626,-0.525797595553028
4036,0.0085,9999999999,0.001,200,-65.46857142857144,-0.5564828571428573,-6.2708751366270664e-09,0.0003035714285714275,-0.506179291985161
4037,0.0085,9999999999,0.001,200,-67.18285714285713,-0.5710542857142856,-6.274529884056003e-09,-0.00022767857142856875,-0.5212819705602441
4038,0.0085,9999999999,0.001,200,-61.32571428571427,-0.5212685714285713,-6.277866002913479e-09,0.0007779017857142863,-0.4704906759207231
4039,0.0085,9999999999,0.001,200,-61.754285714285714,-0.5249114285714286,-6.281225436056672e-09,-5.691964285714502e-05,-0.47496835449551117
4040,0.0085,9999999999,0.001,200,-60.89714285714285,-0.5176257142857142,-6.284538240628432e-09,0.00011383928571428626,-0.4675118812845382
4041,0.0085,9999999999,0.001,200,-61.754285714285714,-0.5249114285714286,-6.287897673771626e-09,-0.00011383928571428626,-0.47502527414504053
4042,0.0085,9999999999,0.001,200,-60.46857142857144,-0.5139828571428573,-6.291187164057669e-09,0.0001707589285714275,-0.463812104505473
4043,0.0085,9999999999,0.001,200,-52.89714285714285,-0.4496257142857143,-6.294064768629385e-09,0.0010055803571428587,-0.3986201402226362
4044,0.0085,9999999999,0.001,200,-59.46857142857144,-0.5054828571428572,-6.297299858915423e-09,-0.0008727678571428588,-0.4563556312973
4045,0.0085,9999999999,0.001,200,-58.32571428571427,-0.49576857142857134,-6.300472777772883e-09,0.00015178571428571753,-0.4456167920147584
4046,0.0085,9999999999,0.001,200,-62.32571428571427,-0.5297685714285714,-6.303863296630365e-09,-0.00053125,-0.4802998277324347
4047,0.0085,9999999999,0.001,200,-58.03999999999999,-0.49333999999999995,-6.307020672630681e-09,0.0005691964285714275,-0.4427708098784492
4048,0.0085,9999999999,0.001,200,-60.03999999999999,-0.51034,-6.310286848631008e-09,-0.000265625,-0.4606056313102869
4049,0.0085,9999999999,0.001,200,-62.611428571428576,-0.5321971428571429,-6.313692910345634e-09,-0.0003415178571428588,-0.4825386670279787
4050,0.0085,9999999999,0.001,200,-71.18285714285713,-0.6050542857142857,-6.317565257774593e-09,-0.001138392857142855,-0.5561926848889938
4051,0.0085,9999999999,0.001,200,-63.46857142857144,-0.5394828571428573,-6.321017948060653e-09,0.0010245535714285688,-0.4884583098924466
4052,0.0085,9999999999,0.001,200,-66.03999999999999,-0.56134,-6.324610524061012e-09,-0.000341517857142855,-0.5116815241817533
4053,0.0085,9999999999,0.001,200,-67.32571428571427,-0.5722685714285713,-6.3282730429185215e-09,-0.0001707589285714275,-0.5224393366854158
4054,0.0085,9999999999,0.001,200,-79.61142857142856,-0.6766971428571428,-6.3326039046332394e-09,-0.0016316964285714294,-0.628328845618318
4055,0.0085,9999999999,0.001,200,-74.03999999999999,-0.62934,-6.336631680633642e-09,0.000739955357142857,-0.5786000509794887
4056,0.0085,9999999999,0.001,200,-79.46857142857142,-0.6754828571428572,-6.340954770919789e-09,-0.0007209821428571432,-0.626203845626669
4057,0.0085,9999999999,0.001,200,-78.46857142857142,-0.6669828571428571,-6.34522346120593e-09,0.0001328125,-0.6168500509880805
4058,0.0085,9999999999,0.001,200,-83.75428571428571,-0.7119114285714286,-6.349779694349244e-09,-0.0007020089285714294,-0.6626134438497797
4059,0.0085,9999999999,0.001,200,-88.32571428571428,-0.7507685714285715,-6.354584613206867e-09,-0.0006071428571428569,-0.7013757206402988
4060,0.0085,9999999999,0.001,200,-93.46857142857142,-0.7944828571428572,-6.35966930349309e-09,-0.0006830357142857138,-0.7451658992168122
4061,0.0085,9999999999,0.001,200,-86.32571428571428,-0.7337685714285714,-6.364365422350703e-09,0.0009486607142857138,-0.6828199170786511
4062,0.0085,9999999999,0.001,200,-97.75428571428571,-0.8309114285714286,-6.3696832554940915e-09,-0.0015178571428571433,-0.7824292920839689
4063,0.0085,9999999999,0.001,200,-100.89714285714285,-0.8576257142857143,-6.3751720600660695e-09,-0.00041741071428571375,-0.808043131375172
4064,0.0085,9999999999,0.001,200,-104.03999999999999,-0.88434,-6.380831836066635e-09,-0.00041741071428571375,-0.8347574170951175
4065,0.0085,9999999999,0.001,200,-103.46857142857142,-0.8794828571428571,-6.386460526352913e-09,7.589285714285688e-05,-0.8294069706721747
4066,0.0085,9999999999,0.001,200,-106.75428571428571,-0.9074114285714286,-6.39226795949635e-09,-0.0004363839285714294,-0.857847818892268
4067,0.0085,9999999999,0.001,200,-111.46857142857142,-0.9474828571428572,-6.398331849782671e-09,-0.0006261160714285707,-0.8981089796126176
4068,0.0085,9999999999,0.001,200,-106.03999999999999,-0.90134,-6.404100425783247e-09,0.0007209821428571432,-0.8506190242612434
4069,0.0085,9999999999,0.001,200,-114.32571428571428,-0.9717685714285715,-6.410319744641013e-09,-0.0011004464285714294,-0.9228690242674626
4070,0.0085,9999999999,0.001,200,-116.89714285714285,-0.9936257142857143,-6.4166789492130765e-09,-0.0003415178571428569,-0.9439672385595361
4071,0.0085,9999999999,0.001,200,-117.89714285714285,-1.0021257142857143,-6.4230925537851474e-09,-0.0001328125,-0.9522585332088067
4072,0.0085,9999999999,0.001,200,-115.75428571428571,-0.9839114285714287,-6.429389586928634e-09,0.00028459821428571374,-0.9336268367865325
4073,0.0085,9999999999,0.001,200,-120.03999999999999,-1.02034,-6.435919762929287e-09,-0.0005691964285714275,-0.9709092028644912
4074,0.0085,9999999999,0.001,200,-121.75428571428571,-1.0349114285714287,-6.442543196072807e-09,-0.00022767857142857252,-0.9851391135854004
4075,0.0085,9999999999,0.001,200,-123.75428571428571,-1.0519114285714286,-6.4492754292163365e-09,-0.000265625,-1.0021770600207038
4076,0.0085,9999999999,0.001,200,-120.89714285714285,-1.0276257142857144,-6.455852233788423e-09,0.00037946428571428636,-0.9772462564558524
4077,0.0085,9999999999,0.001,200,-121.75428571428571,-1.0349114285714287,-6.4624756669319434e-09,-0.00011383928571428626,-0.9850252743196186
4078,0.0085,9999999999,0.001,200,-124.32571428571428,-1.0567685714285715,-6.4692389857897625e-09,-0.0003415178571428569,-1.0071100957549532
4079,0.0085,9999999999,0.001,200,-124.89714285714285,-1.0616257142857144,-6.47603339036187e-09,-7.589285714285688e-05,-1.0117016136188908
4080,0.0085,9999999999,0.001,200,-133.75428571428571,-1.1369114285714286,-6.483309623505455e-09,-0.0011763392857142864,-1.0880877743404525
4081,0.0085,9999999999,0.001,200,-126.89714285714287,-1.0786257142857145,-6.490212828077574e-09,0.0009107142857142844,-1.027715006490213
4082,0.0085,9999999999,0.001,200,-127.61142857142858,-1.084697142857143,-6.497154889792554e-09,-9.486607142857063e-05,-1.0347920154257264
4083,0.0085,9999999999,0.001,200,-131.46857142857144,-1.1174828571428572,-6.504306780078983e-09,-0.0005122767857142864,-1.0679951404328782
4084,0.0085,9999999999,0.001,200,-126.03999999999999,-1.07134,-6.5111633560796695e-09,0.0007209821428571451,-1.0206190243683062
4085,0.0085,9999999999,0.001,200,-127.32571428571428,-1.0822685714285716,-6.518089874937505e-09,-0.0001707589285714294,-1.0324393368752327
4086,0.0085,9999999999,0.001,200,-127.46857142857144,-1.0834828571428572,-6.5250241652239125e-09,-1.8973214285715636e-05,-1.033501836882167
4087,0.0085,9999999999,0.001,200,-129.46857142857144,-1.1004828571428573,-6.532067255510331e-09,-0.000265625,-1.0507484886749245
4088,0.0085,9999999999,0.001,200,-126.61142857142856,-1.0761971428571429,-6.5389549172253046e-09,0.00037946428571428815,-1.0258176851103835
4089,0.0085,9999999999,0.001,200,-125.18285714285715,-1.0640542857142858,-6.545764864654558e-09,0.00018973214285714126,-1.0138645601171934
4090,0.0085,9999999999,0.001,200,-128.3257142857143,-1.0907685714285715,-6.552745783512399e-09,-0.00041741071428571565,-1.041185988695603
4091,0.0085,9999999999,0.001,200,-126.89714285714287,-1.0786257142857145,-6.559648988084517e-09,0.00018973214285714318,-1.0284359887025063
4092,0.0085,9999999999,0.001,200,-125.46857142857142,-1.066482857142857,-6.566474478370913e-09,0.00018973214285714502,-1.0162931315664743
4093,0.0085,9999999999,0.001,200,-126.32571428571428,-1.0737685714285714,-6.573346597228744e-09,-0.00011383928571428626,-1.0238824172876322
4094,0.0085,9999999999,0.001,200,-125.18285714285715,-1.0640542857142858,-6.580156544657996e-09,0.00015178571428571376,-1.0139025065801568
4095,0.0085,9999999999,0.001,200,-124.32571428571428,-1.0567685714285715,-6.586919863515817e-09,0.00011383928571428626,-1.006654738729777
4096,0.0085,9999999999,0.001,200,-124.89714285714285,-1.0616257142857144,-6.593714268087924e-09,-7.589285714285688e-05,-1.0117016137365715
4097,0.0085,9999999999,0.001,200,-123.46857142857142,-1.0494828571428572,-6.60043095837431e-09,0.00018973214285714318,-0.9992931316004308
4098,0.0085,9999999999,0.001,200,-128.04000000000002,-1.0883400000000003,-6.607396334375006e-09,-0.0006071428571428607,-1.0389471494645395
4099,0.0085,9999999999,0.001,200,-124.32571428571428,-1.0567685714285715,-6.6141596532328255e-09,0.0004933035714285744,-1.0062752744713026
4100,0.0085,9999999999,0.001,200,-124.03999999999999,-1.05434,-6.6209074292335005e-09,3.794642857142938e-05,-1.004302060192336
4101,0.0085,9999999999,0.001,200,-124.32571428571428,-1.0567685714285715,-6.6276707480913196e-09,-3.794642857142938e-05,-1.0068065244848137
4102,0.0085,9999999999,0.001,200,-130.61142857142858,-1.1101971428571429,-6.6347760098063156e-09,-0.0008348214285714295,-1.0610319709204903
4103,0.0085,9999999999,0.001,200,-121.18285714285715,-1.0300542857142858,-6.641368357235546e-09,0.0012522321428571433,-0.9788020602127969
4104,0.0085,9999999999,0.001,200,-122.32571428571428,-1.0397685714285716,-6.6480228760933546e-09,-0.00015178571428571376,-0.98992036379088
4105,0.0085,9999999999,0.001,200,-121.75428571428571,-1.0349114285714287,-6.654646309236874e-09,7.589285714285688e-05,-0.9848355423689321
4106,0.0085,9999999999,0.001,200,-124.03999999999999,-1.05434,-6.661394085237548e-09,-0.0003035714285714275,-1.0046435780899656
4107,0.0085,9999999999,0.001,200,-123.75428571428571,-1.0519114285714286,-6.6681263183810785e-09,3.79464285714275e-05,-1.0018734888109835
4108,0.0085,9999999999,0.001,200,-119.75428571428571,-1.0179114285714286,-6.6746409515245864e-09,0.00053125,-0.9673801852460695
4109,0.0085,9999999999,0.001,200,-119.75428571428571,-1.0179114285714286,-6.681155584668095e-09,0.0,-0.9679114352525842
4110,0.0085,9999999999,0.001,200,-118.75428571428571,-1.0094114285714286,-6.687615817811598e-09,0.0001328125,-0.9592786227590444
4111,0.0085,9999999999,0.001,200,-117.75428571428571,-1.0009114285714287,-6.6940216509550955e-09,0.0001328125,-0.9507786227654502
4112,0.0085,9999999999,0.001,200,-116.61142857142856,-0.9911971428571429,-6.700365312670017e-09,0.00015178571428571568,-0.9410453638432223
4113,0.0085,9999999999,0.001,200,-117.46857142857142,-0.9984828571428571,-6.706755602956369e-09,-0.00011383928571428626,-0.948596703135327
4114,0.0085,9999999999,0.001,200,-116.89714285714285,-0.9936257142857143,-6.713114807528434e-09,7.589285714285688e-05,-0.9435498281416863
4115,0.0085,9999999999,0.001,200,-114.89714285714285,-0.9766257142857143,-6.719365212100488e-09,0.000265625,-0.9263600960050794
4116,0.0085,9999999999,0.001,200,-113.18285714285715,-0.9620542857142858,-6.725522359529675e-09,0.00022767857142857068,-0.9118266138683795
4117,0.0085,9999999999,0.001,200,-117.75428571428571,-1.0009114285714287,-6.731928192673173e-09,-0.0006071428571428569,-0.9515185781604996
4118,0.0085,9999999999,0.001,200,-110.75428571428571,-0.9414114285714287,-6.737953225816632e-09,0.0009296875000000001,-0.8904817478093818
4119,0.0085,9999999999,0.001,200,-111.75428571428571,-0.9499114285714286,-6.744032658960097e-09,-0.0001328125,-0.9000442478154612
4120,0.0085,9999999999,0.001,200,-108.61142857142856,-0.9231971428571428,-6.7499411206749736e-09,0.00041741071428571565,-0.8727797388927983
4121,0.0085,9999999999,0.001,200,-99.18285714285715,-0.8430542857142858,-6.755336668104084e-09,0.0012522321428571413,-0.7918020603267651
4122,0.0085,9999999999,0.001,200,-104.89714285714285,-0.8916257142857144,-6.7610430726760834e-09,-0.0007589285714285707,-0.8423846496181859
4123,0.0085,9999999999,0.001,200,-106.89714285714285,-0.9086257142857144,-6.7668582772480935e-09,-0.000265625,-0.8588913460525727
4124,0.0085,9999999999,0.001,200,-105.46857142857142,-0.8964828571428571,-6.772595767534382e-09,0.00018973214285714318,-0.8462931317725958
4125,0.0085,9999999999,0.001,200,-106.75428571428571,-0.9074114285714286,-6.778403200677819e-09,-0.0001707589285714294,-0.8575821942784032
4126,0.0085,9999999999,0.001,200,-105.18285714285715,-0.8940542857142858,-6.784125148106963e-09,0.00020870535714285688,-0.843845587141268
4127,0.0085,9999999999,0.001,200,-104.32571428571428,-0.8867685714285715,-6.789800466964673e-09,0.00011383928571428626,-0.8366547389326576
4128,0.0085,9999999999,0.001,200,-104.18285714285715,-0.8855542857142858,-6.795468014393811e-09,1.897321428571375e-05,-0.8355353192954681
4129,0.0085,9999999999,0.001,200,-102.61142857142856,-0.8721971428571428,-6.801050076108655e-09,0.00020870535714285877,-0.8219884443010499
4130,0.0085,9999999999,0.001,200,-99.46857142857142,-0.8454828571428572,-6.8064611663949104e-09,0.00041741071428571375,-0.7950654532350326
4131,0.0085,9999999999,0.001,200,-99.18285714285715,-0.8430542857142858,-6.811856713824022e-09,3.79464285714275e-05,-0.793016346097571
4132,0.0085,9999999999,0.001,200,-95.18285714285715,-0.8090542857142858,-6.817034661253112e-09,0.00053125,-0.7585230425313205
4133,0.0085,9999999999,0.001,200,-97.46857142857142,-0.8284828571428572,-6.822336951539356e-09,-0.0003035714285714275,-0.7787864353937655
4134,0.0085,9999999999,0.001,200,-96.32571428571428,-0.8187685714285715,-6.827577070397022e-09,0.00015178571428571376,-0.7686167925418628
4135,0.0085,9999999999,0.001,200,-95.18285714285715,-0.8090542857142858,-6.832755017826112e-09,0.00015178571428571376,-0.7589025068327551
4136,0.0085,9999999999,0.001,200,-94.32571428571428,-0.8017685714285715,-6.8378863366837685e-09,0.00011383928571428626,-0.7516547389807435
4137,0.0085,9999999999,0.001,200,-87.18285714285715,-0.7410542857142858,-6.842629084112814e-09,0.0009486607142857138,-0.6901056318426292
4138,0.0085,9999999999,0.001,200,-90.61142857142856,-0.7701971428571428,-6.847558345827593e-09,-0.00045535714285714136,-0.7206525068475582
4139,0.0085,9999999999,0.001,200,-90.03999999999999,-0.76534,-6.8524565218280836e-09,7.589285714285688e-05,-0.7152641139953136
4140,0.0085,9999999999,0.001,200,-88.32571428571428,-0.7507685714285715,-6.857261440685706e-09,0.00022767857142857068,-0.7005408997144043
4141,0.0085,9999999999,0.001,200,-88.32571428571428,-0.7507685714285715,-6.862066359543329e-09,0.0,-0.7007685782906378
4142,0.0085,9999999999,0.001,200,-88.03999999999999,-0.74834,-6.8668557355438085e-09,3.794642857142938e-05,-0.6983020604382842
4143,0.0085,9999999999,0.001,200,-92.75428571428571,-0.7884114285714287,-6.871901568687171e-09,-0.0006261160714285727,-0.7390375515147588
4144,0.0085,9999999999,0.001,200,-85.46857142857142,-0.7264828571428571,-6.8765510589733505e-09,0.0009676339285714295,-0.6755152300908367
4145,0.0085,9999999999,0.001,200,-84.89714285714285,-0.7216257142857143,-6.881169463545241e-09,7.589285714285688e-05,-0.6715498283097409
4146,0.0085,9999999999,0.001,200,-83.89714285714285,-0.7131257142857143,-6.885733468117126e-09,0.0001328125,-0.6629929086714477
4147,0.0085,9999999999,0.001,200,-83.03999999999999,-0.70584,-6.8902508441175776e-09,0.00011383928571428626,-0.6557261676045365
4148,0.0085,9999999999,0.001,200,-84.75428571428571,-0.7204114285714286,-6.8948614772608955e-09,-0.00022767857142857252,-0.6706391140377186
4149,0.0085,9999999999,0.001,200,-82.61142857142856,-0.7021971428571429,-6.899355538975631e-09,0.00028459821428571564,-0.6519125515422126
4150,0.0085,9999999999,0.001,200,-80.75428571428571,-0.6864114285714287,-6.903748572118927e-09,0.0002466517857142844,-0.6361647836894629
4151,0.0085,9999999999,0.001,200,-80.61142857142856,-0.6851971428571428,-6.908133833833652e-09,1.8973214285715636e-05,-0.635178176550991
4152,0.0085,9999999999,0.001,200,-80.03999999999999,-0.68034,-6.9124880098340874e-09,7.589285714285688e-05,-0.6302641140553451
4153,0.0085,9999999999,0.001,200,-81.46857142857142,-0.6924828571428572,-6.916919900120244e-09,-0.00018973214285714318,-0.6426725962026342
4154,0.0085,9999999999,0.001,200,-80.61142857142856,-0.6851971428571428,-6.921305161834969e-09,0.00011383928571428626,-0.6350833104927337
4155,0.0085,9999999999,0.001,200,-78.03999999999999,-0.6633399999999999,-6.9255505378353935e-09,0.0003415178571428569,-0.6129984890684076
4156,0.0085,9999999999,0.001,200,-77.46857142857142,-0.6584828571428571,-6.929764828121529e-09,7.589285714285688e-05,-0.6084069712154792
4157,0.0085,9999999999,0.001,200,-77.18285714285715,-0.6560542857142858,-6.933963575550521e-09,3.79464285714275e-05,-0.6060163462196779
4158,0.0085,9999999999,0.001,200,-76.32571428571428,-0.6487685714285715,-6.938115694408079e-09,0.00011383928571428626,-0.5986547390809729
4159,0.0085,9999999999,0.001,200,-76.03999999999999,-0.64634,-6.9422522704084925e-09,3.794642857142938e-05,-0.5963020605136807
4160,0.0085,9999999999,0.001,200,-76.61142857142856,-0.6511971428571428,-6.946419932123195e-09,-7.589285714285688e-05,-0.6012730426607055
4161,0.0085,9999999999,0.001,200,-75.18285714285715,-0.6390542857142858,-6.950509879552175e-09,0.00018973214285714126,-0.5888645605219385
4162,0.0085,9999999999,0.001,200,-78.32571428571428,-0.6657685714285715,-6.954770798409745e-09,-0.00041741071428571375,-0.6161859890976279
4163,0.0085,9999999999,0.001,200,-72.61142857142856,-0.6171971428571428,-6.958720860124425e-09,0.0007589285714285727,-0.566438221244435
4164,0.0085,9999999999,0.001,200,-74.03999999999999,-0.62934,-6.962748636124829e-09,-0.00018973214285714318,-0.5795297391056057
4165,0.0085,9999999999,0.001,200,-74.61142857142856,-0.6341971428571428,-6.9668074978395195e-09,-7.589285714285688e-05,-0.584273042681093
4166,0.0085,9999999999,0.001,200,-73.18285714285715,-0.6220542857142858,-6.9707886452684885e-09,0.00018973214285714126,-0.5718645605422172
4167,0.0085,9999999999,0.001,200,-69.18285714285713,-0.5880542857142856,-6.974552192697436e-09,0.0005312500000000019,-0.5375230426888378
4168,0.0085,9999999999,0.001,200,-74.61142857142856,-0.6341971428571428,-6.978611054412127e-09,-0.0007209821428571432,-0.5849181319786109
4169,0.0085,9999999999,0.001,200,-75.75428571428571,-0.6439114285714286,-6.982732087555396e-09,-0.00015178571428571568,-0.5940632212684464
4170,0.0085,9999999999,0.001,200,-76.18285714285715,-0.6475542857142857,-6.986876434984383e-09,-5.691964285714313e-05,-0.5976112123440193
4171,0.0085,9999999999,0.001,200,-70.61142857142858,-0.600197142857143,-6.990717696699053e-09,0.000739955357142857,-0.5494571944907177
4172,0.0085,9999999999,0.001,200,-70.32571428571427,-0.5977685714285713,-6.9945434155565765e-09,3.794642857143127e-05,-0.5477306319945432
4173,0.0085,9999999999,0.001,200,-70.03999999999999,-0.59534,-6.998353591556959e-09,3.79464285714275e-05,-0.545302060569782
4174,0.0085,9999999999,0.001,200,-81.18285714285715,-0.6900542857142857,-7.002769938985972e-09,-0.0014799107142857157,-0.6415342034313414
4175,0.0085,9999999999,0.001,200,-69.03999999999999,-0.58684,-7.006525714986348e-09,0.0016127232142857158,-0.5352272837922399
4176,0.0085,9999999999,0.001,200,-70.32571428571427,-0.5977685714285713,-7.010351433843872e-09,-0.0001707589285714275,-0.5479393373674941
4177,0.0085,9999999999,0.001,200,-70.46857142857144,-0.5989828571428573,-7.0141849241299696e-09,-1.8973214285717523e-05,-0.5490018373713278
4178,0.0085,9999999999,0.001,200,-68.89714285714285,-0.5856257142857143,-7.017932928701773e-09,0.00020870535714285877,-0.5354170159465043
4179,0.0085,9999999999,0.001,200,-67.75428571428571,-0.5759114285714286,-7.021618761844998e-09,0.00015178571428571376,-0.5257596498787616
4180,0.0085,9999999999,0.001,200,-67.18285714285713,-0.5710542857142856,-7.025273509273934e-09,7.589285714285876e-05,-0.5209783998824162
4181,0.0085,9999999999,0.001,200,-65.46857142857144,-0.5564828571428573,-7.028834999560005e-09,0.00022767857142856875,-0.5062551856002636
4182,0.0085,9999999999,0.001,200,-66.89714285714285,-0.5686257142857143,-7.0324742041317964e-09,-0.00018973214285714126,-0.5188154534610455
4183,0.0085,9999999999,0.001,200,-63.42285714285714,-0.5390942857142857,-7.035924407560712e-09,0.00046142857142857135,-0.48863286417878155
4184,0.0085,9999999999,0.001,200,-58.28,-0.49538000000000004,-7.039094839561029e-09,0.0006830357142857138,-0.4446969713248092
4185,0.0085,9999999999,0.001,200,-62.28,-0.5293800000000001,-7.042482871561368e-09,-0.00053125,-0.4799112570424829
4186,0.0085,9999999999,0.001,200,-63.46857142857144,-0.5394828571428573,-7.045935561847427e-09,-0.00015785714285714383,-0.48964072133165
4187,0.0085,9999999999,0.001,200,-61.42285714285714,-0.5220942857142857,-7.049276965276331e-09,0.00027169642857143006,-0.4718225963349913
4188,0.0085,9999999999,0.001,200,-67.99428571428572,-0.5779514285714287,-7.052975854419558e-09,-0.0008727678571428588,-0.5288242034815474
4189,0.0085,9999999999,0.001,200,-58.56571428571428,-0.4978085714285714,-7.05616182927702e-09,0.0012522321428571454,-0.4465563463418761
4190,0.0085,9999999999,0.001,200,-58.56571428571428,-0.4978085714285714,-7.059347804134482e-09,0.0,-0.4478085784879192
4191,0.0085,9999999999,0.001,200,-57.13714285714286,-0.48566571428571437,-7.06245606470622e-09,0.00018973214285714126,-0.4354759892053133
4192,0.0085,9999999999,0.001,200,-57.99428571428572,-0.4929514285714287,-7.065610953849394e-09,-0.00011383928571428626,-0.44306527492275394
4193,0.0085,9999999999,0.001,200,-54.851428571428585,-0.466237142857143,-7.068594871563977e-09,0.00041741071428571375,-0.4158197392114522
4194,0.0085,9999999999,0.001,200,-53.13714285714286,-0.45166571428571434,-7.071485532135694e-09,0.00022767857142857252,-0.4014380427857713
4195,0.0085,9999999999,0.001,200,-49.42285714285714,-0.4200942857142857,-7.074174135564534e-09,0.0004933035714285726,-0.3696009892170313
4196,0.0085,9999999999,0.001,200,-52.28,-0.44438000000000005,-7.0770181675648174e-09,-0.00037946428571428636,-0.39475947136273254
4197,0.0085,9999999999,0.001,200,-49.42285714285714,-0.4200942857142857,-7.079706770993658e-09,0.00037946428571428636,-0.3697148285082782
4198,0.0085,9999999999,0.001,200,-47.42285714285714,-0.40309428571428574,-7.0822865744224866e-09,0.000265625,-0.35282866779657235
4199,0.0085,9999999999,0.001,200,-55.42285714285714,-0.47109428571428574,-7.085301577851359e-09,-0.0010625,-0.42215679279958734
4200,0.0085,9999999999,0.001,200,-46.28,-0.39338000000000006,-7.087819209851611e-09,0.0012142857142857138,-0.34216572137353357
4201,0.0085,9999999999,0.001,200,-46.56571428571428,-0.3958085714285714,-7.090352384709008e-09,-3.79464285714275e-05,-0.3458465249474952
4202,0.0085,9999999999,0.001,200,-45.99428571428572,-0.39095142857142867,-7.092854473852114e-09,7.5892857142855e-05,-0.3408755428071403
4203,0.0085,9999999999,0.001,200,-42.851428571428585,-0.364237142857143,-7.095185591566633e-09,0.00041741071428571375,-0.3138197392380429
4204,0.0085,9999999999,0.001,200,-49.851428571428585,-0.423737142857143,-7.0978975092811895e-09,-0.0009296875000000001,-0.3746668374550405
4205,0.0085,9999999999,0.001,200,-41.56571428571428,-0.3533085714285714,-7.100158684138559e-09,0.0011004464285714313,-0.3022081321001587
4206,0.0085,9999999999,0.001,200,-31.137142857142862,-0.26466571428571434,-7.1018525447101575e-09,0.0013850446428571414,-0.21328067674470974
4207,0.0085,9999999999,0.001,200,-31.994285714285724,-0.2719514285714287,-7.103593033853188e-09,-0.00011383928571428626,-0.22206527496073603
4208,0.0085,9999999999,0.001,200,-34.28,-0.29138000000000003,-7.105457865853375e-09,-0.0003035714285714275,-0.24168357853402933
4209,0.0085,9999999999,0.001,200,-34.56571428571428,-0.29380857142857136,-7.107338240710706e-09,-3.79464285714275e-05,-0.243846524964481
4210,0.0085,9999999999,0.001,200,-36.99428571428572,-0.31445142857142866,-7.109350729853764e-09,-0.00032254464285714503,-0.2647739803236365
4211,0.0085,9999999999,0.001,200,-28.28,-0.24038000000000004,-7.110889161853918e-09,0.0011573660714285726,-0.18922264103946063
4212,0.0085,9999999999,0.001,200,-26.851428571428585,-0.228237142857143,-7.11234987956835e-09,0.00018973214285714126,-0.17804741782663575
4213,0.0085,9999999999,0.001,200,-26.56571428571428,-0.2258085714285714,-7.113795054425637e-09,3.794642857143127e-05,-0.175770632113795
4214,0.0085,9999999999,0.001,200,-22.851428571428585,-0.194237142857143,-7.1150381721400475e-09,0.0004933035714285688,-0.1437438464007526
4215,0.0085,9999999999,0.001,200,-28.851428571428585,-0.245237142857143,-7.116607689854492e-09,-0.0007968750000000001,-0.19603402497375066
4216,0.0085,9999999999,0.001,200,-21.708571428571446,-0.1845228571428573,-7.117788636140324e-09,0.0009486607142857138,-0.13357420354636024
4217,0.0085,9999999999,0.001,200,-21.708571428571446,-0.1845228571428573,-7.118969582426157e-09,0.0,-0.13452286426182686
4218,0.0085,9999999999,0.001,200,-16.56571428571428,-0.14080857142857137,-7.11987075728339e-09,0.0006830357142857176,-0.0901255428341564
4219,0.0085,9999999999,0.001,200,-22.28,-0.18938000000000002,-7.121082789283511e-09,-0.0007589285714285727,-0.14013893569251135
4220,0.0085,9999999999,0.001,200,-15.137142857142862,-0.12866571428571433,-7.1219062498550224e-09,0.0009486607142857138,-0.07771706069333488
4221,0.0085,9999999999,0.001,200,-13.994285714285724,-0.11895142857142865,-7.122667538997956e-09,0.00015178571428571376,-0.06879964997981047
4222,0.0085,9999999999,0.001,200,-11.708571428571446,-0.0995228571428573,-7.1233044852837346e-09,0.0003035714285714275,-0.049219292837590356
4223,0.0085,9999999999,0.001,200,-10.280000000000001,-0.08738000000000001,-7.123863717283791e-09,0.00018973214285714502,-0.03719027498100659
4224,0.0085,9999999999,0.001,200,-7.9942857142857235,-0.06795142857142865,-7.124298606426691e-09,0.0003035714285714275,-0.017647864267155824
4225,0.0085,9999999999,0.001,200,-4.851428571428585,-0.04123714285714297,-7.124562524141004e-09,0.00041741071428571375,0.009180260732580221
4226,0.0085,9999999999,0.001,200,0.005714285714276457,4.857142857134989e-05,-7.12456221328386e-09,0.0006450892857142863,0.05069365358972343
4227,0.0085,9999999999,0.001,200,-4.851428571428585,-0.04123714285714297,-7.124826130998173e-09,-0.0006450892857142863,0.008117760732316612
4228,0.0085,9999999999,0.001,200,0.5771428571428601,0.004905714285714311,-7.124794734426743e-09,0.0007209821428571451,0.055626689303776726
4229,0.0085,9999999999,0.001,200,3.8628571428571377,0.03283428571428567,-7.1245845949981505e-09,0.0004363839285714275,0.0832706625182725
4230,0.0085,9999999999,0.001,200,0.29142857142855405,0.0024771428571427096,-7.124568741283863e-09,-0.0004743303571428588,0.05200280537543111
4231,0.0085,9999999999,0.001,200,6.862857142857138,0.05833428571428567,-7.1241954018552545e-09,0.0008727678571428588,0.10920704644723314
4232,0.0085,9999999999,0.001,200,8.005714285714276,0.06804857142857136,-7.123759890998068e-09,0.00015178571428571376,0.11820035001909719
4233,0.0085,9999999999,0.001,200,11.434285714285721,0.09719142857142864,-7.12313786585515e-09,0.00045535714285714504,0.14764677859114791
4234,0.0085,9999999999,0.001,200,8.862857142857138,0.07533428571428567,-7.122655726426531e-09,-0.0003415178571428588,0.12499276073448709
4235,0.0085,9999999999,0.001,200,17.43428571428572,0.14819142857142864,-7.121707301283579e-09,0.0011383928571428589,0.1993298143068642
4236,0.0085,9999999999,0.001,200,19.148571428571415,0.16276285714285704,-7.120665618997763e-09,0.00022767857142856875,0.21299052859362
4237,0.0085,9999999999,0.001,200,21.72,0.18462,-7.119484050997645e-09,0.0003415178571428588,0.2349615107376588
4238,0.0085,9999999999,0.001,200,23.72,0.20162,-7.118193682997515e-09,0.000265625,0.2518856178818063
4239,0.0085,9999999999,0.001,200,25.148571428571415,0.21376285714285703,-7.116825600711665e-09,0.00018973214285714126,0.26395258216888856
4240,0.0085,9999999999,0.001,200,31.148571428571415,0.264762857142857,-7.115131118425782e-09,0.0007968750000000001,0.3155597250277259
4241,0.0085,9999999999,0.001,200,29.148571428571415,0.24776285714285703,-7.113545436139909e-09,-0.000265625,0.2974972250293116
4242,0.0085,9999999999,0.001,200,30.005714285714276,0.25504857142857135,-7.111913125282603e-09,0.00011383928571428626,0.3051624036023725
4243,0.0085,9999999999,0.001,200,32.291428571428554,0.27447714285714275,-7.1101564715681404e-09,0.0003035714285714275,0.3247807071755577
4244,0.0085,9999999999,0.001,200,34.57714285714286,0.2939057142857143,-7.1082754749965254e-09,0.00030357142857143137,0.3442092786060103
4245,0.0085,9999999999,0.001,200,33.148571428571415,0.28176285714285704,-7.1064721927106305e-09,-0.00018973214285714502,0.33157311789352767
4246,0.0085,9999999999,0.001,200,36.00571428571428,0.3060485714285714,-7.104513481853291e-09,0.00037946428571428636,0.3564280286097722
4247,0.0085,9999999999,0.001,200,36.291428571428554,0.3084771428571427,-7.1025392281388095e-09,3.79464285714275e-05,0.3585150821831749
4248,0.0085,9999999999,0.001,200,36.86285714285714,0.3133342857142857,-7.1005338887100365e-09,7.589285714285876e-05,0.36341017147089466
4249,0.0085,9999999999,0.001,200,33.43428571428572,0.28419142857142865,-7.098715063566998e-09,-0.00045535714285714136,0.3337360643298564
4250,0.0085,9999999999,0.001,200,39.43428571428572,0.33519142857142864,-7.096569838423925e-09,0.0007968750000000001,0.38598829647485877
4251,0.0085,9999999999,0.001,200,42.291428571428554,0.3594771428571427,-7.09426918470941e-09,0.0003794642857142825,0.4098566000485878
4252,0.0085,9999999999,0.001,200,36.291428571428554,0.3084771428571427,-7.092294930994928e-09,-0.0007968750000000001,0.3576802607648478
4253,0.0085,9999999999,0.001,200,43.43428571428572,0.36919142857142867,-7.089932105851835e-09,0.0009486607142857176,0.4201400821957823
4254,0.0085,9999999999,0.001,200,43.148571428571415,0.36676285714285706,-7.0875848235658855e-09,-3.794642857143127e-05,0.41672490362670084
4255,0.0085,9999999999,0.001,200,44.00571428571428,0.3740485714285714,-7.085190912708504e-09,0.00011383928571428626,0.42416240362909474
4256,0.0085,9999999999,0.001,200,45.72,0.38862,-7.082703744708256e-09,0.00022767857142857252,0.43884767148872483
4257,0.0085,9999999999,0.001,200,44.57714285714286,0.37890571428571435,-7.080278748136585e-09,-0.00015178571428571376,0.4287539214911499
4258,0.0085,9999999999,0.001,200,47.43428571428572,0.40319142857142865,-7.07769832299347e-09,0.00037946428571428636,0.4535708857794446
4259,0.0085,9999999999,0.001,200,45.00571428571428,0.3825485714285714,-7.075250012136083e-09,-0.00032254464285714503,0.43222601971046426
4260,0.0085,9999999999,0.001,200,46.00571428571428,0.39104857142857136,-7.072747301278689e-09,0.0001328125,0.4411813768558241
4261,0.0085,9999999999,0.001,200,44.86285714285714,0.3813342857142857,-7.070306761849875e-09,-0.00015178571428571376,0.4311824929296932
4262,0.0085,9999999999,0.001,200,43.72,0.37162,-7.067928393849637e-09,-0.00015178571428571376,0.4214682072177859
4263,0.0085,9999999999,0.001,200,43.291428571428554,0.3679771428571427,-7.065573340135116e-09,-5.691964285714502e-05,0.4179202161487122
4264,0.0085,9999999999,0.001,200,43.43428571428572,0.36919142857142867,-7.063210514992023e-09,1.8973214285717523e-05,0.4192103947225039
4265,0.0085,9999999999,0.001,200,43.86285714285714,0.3728342857142857,-7.060824375563211e-09,5.6919642857141247e-05,0.42289119829631844
4266,0.0085,9999999999,0.001,200,44.86285714285714,0.3813342857142857,-7.058383836134397e-09,0.0001328125,0.43146709115590187
4267,0.0085,9999999999,0.001,200,46.72,0.39712000000000003,-7.055842268134143e-09,0.0002466517857142863,0.4473666447298721
4268,0.0085,9999999999,0.001,200,45.72,0.38862,-7.053355100133894e-09,-0.0001328125,0.43848718044664486
4269,0.0085,9999999999,0.001,200,43.148571428571415,0.36676285714285706,-7.051007817847947e-09,-0.0003415178571428588,0.41642133223470634
4270,0.0085,9999999999,0.001,200,43.148571428571415,0.36676285714285706,-7.0486605355619984e-09,0.0,0.4167628500941965
4271,0.0085,9999999999,0.001,200,40.86285714285714,0.3473342857142857,-7.046437596133204e-09,-0.0003035714285714275,0.3970307072392767
4272,0.0085,9999999999,0.001,200,38.86285714285714,0.3303342857142857,-7.044323456704422e-09,-0.000265625,0.38006865366996223
4273,0.0085,9999999999,0.001,200,37.43428571428572,0.3181914285714287,-7.042287031561362e-09,-0.00018973214285714126,0.36800168938628447
4274,0.0085,9999999999,0.001,200,34.57714285714286,0.2939057142857143,-7.040406034989745e-09,-0.00037946428571428636,0.343526242959594
4275,0.0085,9999999999,0.001,200,32.57714285714286,0.2769057142857143,-7.038633838418139e-09,-0.000265625,0.32664008224708047
4276,0.0085,9999999999,0.001,200,33.43428571428572,0.28419142857142865,-7.0368150132751e-09,0.00011383928571428626,0.3343052608203279
4277,0.0085,9999999999,0.001,200,26.005714285714276,0.22104857142857137,-7.035400302417817e-09,-0.0009866071428571452,0.27006195725031396
4278,0.0085,9999999999,0.001,200,29.291428571428554,0.24897714285714273,-7.03380684870337e-09,0.0004363839285714275,0.29941351975190733
4279,0.0085,9999999999,0.001,200,29.148571428571415,0.24776285714285703,-7.032221166417497e-09,-1.897321428571375e-05,0.2977438768963502
4280,0.0085,9999999999,0.001,200,24.862857142857138,0.2113342857142857,-7.0308686269887905e-09,-0.0005691964285714275,0.2607650822548456
4281,0.0085,9999999999,0.001,200,25.43428571428572,0.21619142857142865,-7.029485001845795e-09,7.589285714285876e-05,0.2662673143990865
4282,0.0085,9999999999,0.001,200,25.43428571428572,0.21619142857142865,-7.028101376702799e-09,0.0,0.26619142154332726
4283,0.0085,9999999999,0.001,200,21.72,0.18462,-7.026919808702682e-09,-0.0004933035714285726,0.23412668940165166
4284,0.0085,9999999999,0.001,200,19.43428571428572,0.16519142857142866,-7.0258625835597195e-09,-0.0003035714285714275,0.21488785011699463
4285,0.0085,9999999999,0.001,200,13.719999999999999,0.11662,-7.025116215559644e-09,-0.0007589285714285727,0.16586106440345522
4286,0.0085,9999999999,0.001,200,16.43428571428572,0.13969142857142863,-7.024222190416697e-09,0.00036049107142857253,0.19005191261863502
4287,0.0085,9999999999,0.001,200,15.719999999999999,0.13362,-7.0233670224166126e-09,-9.486607142857251e-05,0.1835251269052044
4288,0.0085,9999999999,0.001,200,14.434285714285721,0.12269142857142865,-7.0225817972736765e-09,-0.0001707589285714275,0.17252066262027543
4289,0.0085,9999999999,0.001,200,16.005714285714276,0.13604857142857135,-7.0217110864164475e-09,0.000208705357142855,0.18625726976400314
4290,0.0085,9999999999,0.001,200,21.72,0.18462,-7.0205295184163295e-09,0.0007589285714285727,0.23537892155089907
4291,0.0085,9999999999,0.001,200,9.719999999999999,0.08262,-7.020000750416277e-09,-0.0015937500000000001,0.13102624297999926
4292,0.0085,9999999999,0.001,200,8.291428571428554,0.07047714285714271,-7.019549696701947e-09,-0.00018973214285714502,0.12028740369473588
4293,0.0085,9999999999,0.001,200,11.291428571428554,0.09597714285714272,-7.018935442987599e-09,0.00039843750000000003,0.14637557333820728
4294,0.0085,9999999999,0.001,200,8.005714285714276,0.06804857142857136,-7.018499932130413e-09,-0.0004363839285714275,0.1176121804815
4295,0.0085,9999999999,0.001,200,6.862857142857138,0.05833428571428567,-7.018126592701804e-09,-0.00015178571428571376,0.10818249298187337
4296,0.0085,9999999999,0.001,200,-3.708571428571446,-0.03152285714285729,-7.0183283389875385e-09,-0.0014040178571428589,0.017073117981671514
4297,0.0085,9999999999,0.001,200,5.862857142857138,0.04983428571428567,-7.018009399558935e-09,0.0012712053571428588,0.10110548405341913
4298,0.0085,9999999999,0.001,200,3.1485714285714153,0.026762857142857033,-7.017838117273204e-09,-0.00036049107142857253,0.07640235905359034
4299,0.0085,9999999999,0.001,200,1.4342857142857213,0.012191428571428633,-7.017760092130339e-09,-0.00022767857142856875,0.06196374298223997
4300,0.0085,9999999999,0.001,200,-8.280000000000001,-0.07038000000000001,-7.018210524130385e-09,-0.0012901785714285725,-0.02167018558963911
4301,0.0085,9999999999,0.001,200,-1.9942857142857235,-0.016951428571428652,-7.018319013273253e-09,0.0008348214285714275,0.03388338583882376
4302,0.0085,9999999999,0.001,200,-3.1371428571428623,-0.02666571428571433,-7.0184896738447e-09,-0.00015178571428571376,0.023182492981510282
